nmu      tdc      omegab      d      he3      he4      li6      li7      heavy
   1.0000E-15  1.0000E+00  7.5039E-01  3.3556E-05  2.5361E-05  2.4955E-01  4.5369E-14  3.1414E-09  7.3094E-14
   1.0209E-15  1.0000E+00  7.5039E-01  3.3556E-05  2.5361E-05  2.4955E-01  4.5369E-14  3.1414E-09  7.3094E-14
   1.0423E-15  1.0000E+00  7.5039E-01  3.3556E-05  2.5361E-05  2.4955E-01  4.5369E-14  3.1414E-09  7.3094E-14
   1.0641E-15  1.0000E+00  7.5039E-01  3.3556E-05  2.5361E-05  2.4955E-01  4.5369E-14  3.1414E-09  7.3094E-14
   1.0864E-15  1.0000E+00  7.5039E-01  3.3556E-05  2.5361E-05  2.4955E-01  4.5369E-14  3.1414E-09  7.3094E-14
   1.1092E-15  1.0000E+00  7.5039E-01  3.3556E-05  2.5361E-05  2.4955E-01  4.5369E-14  3.1414E-09  7.3094E-14
   1.1324E-15  1.0000E+00  7.5039E-01  3.3556E-05  2.5361E-05  2.4955E-01  4.5369E-14  3.1414E-09  7.3094E-14
   1.1561E-15  1.0000E+00  7.5039E-01  3.3556E-05  2.5361E-05  2.4955E-01  4.5369E-14  3.1414E-09  7.3094E-14
   1.1803E-15  1.0000E+00  7.5039E-01  3.3556E-05  2.5361E-05  2.4955E-01  4.5369E-14  3.1414E-09  7.3094E-14
   1.2050E-15  1.0000E+00  7.5039E-01  3.3556E-05  2.5361E-05  2.4955E-01  4.5369E-14  3.1414E-09  7.3094E-14
   1.2303E-15  1.0000E+00  7.5039E-01  3.3556E-05  2.5361E-05  2.4955E-01  4.5369E-14  3.1414E-09  7.3094E-14
   1.2560E-15  1.0000E+00  7.5039E-01  3.3556E-05  2.5361E-05  2.4955E-01  4.5369E-14  3.1414E-09  7.3094E-14
   1.2823E-15  1.0000E+00  7.5039E-01  3.3556E-05  2.5361E-05  2.4955E-01  4.5369E-14  3.1414E-09  7.3094E-14
   1.3092E-15  1.0000E+00  7.5039E-01  3.3556E-05  2.5361E-05  2.4955E-01  4.5369E-14  3.1414E-09  7.3094E-14
   1.3366E-15  1.0000E+00  7.5039E-01  3.3556E-05  2.5361E-05  2.4955E-01  4.5369E-14  3.1414E-09  7.3094E-14
   1.3646E-15  1.0000E+00  7.5039E-01  3.3556E-05  2.5361E-05  2.4955E-01  4.5369E-14  3.1414E-09  7.3094E-14
   1.3932E-15  1.0000E+00  7.5039E-01  3.3556E-05  2.5361E-05  2.4955E-01  4.5369E-14  3.1414E-09  7.3094E-14
   1.4223E-15  1.0000E+00  7.5039E-01  3.3556E-05  2.5361E-05  2.4955E-01  4.5369E-14  3.1414E-09  7.3094E-14
   1.4521E-15  1.0000E+00  7.5039E-01  3.3556E-05  2.5361E-05  2.4955E-01  4.5369E-14  3.1414E-09  7.3094E-14
   1.4825E-15  1.0000E+00  7.5039E-01  3.3556E-05  2.5361E-05  2.4955E-01  4.5369E-14  3.1414E-09  7.3094E-14
   1.5136E-15  1.0000E+00  7.5039E-01  3.3556E-05  2.5361E-05  2.4955E-01  4.5369E-14  3.1414E-09  7.3094E-14
   1.5453E-15  1.0000E+00  7.5039E-01  3.3556E-05  2.5361E-05  2.4955E-01  4.5369E-14  3.1414E-09  7.3094E-14
   1.5776E-15  1.0000E+00  7.5039E-01  3.3556E-05  2.5361E-05  2.4955E-01  4.5369E-14  3.1414E-09  7.3094E-14
   1.6106E-15  1.0000E+00  7.5039E-01  3.3556E-05  2.5361E-05  2.4955E-01  4.5369E-14  3.1414E-09  7.3094E-14
   1.6444E-15  1.0000E+00  7.5039E-01  3.3556E-05  2.5361E-05  2.4955E-01  4.5369E-14  3.1414E-09  7.3094E-14
   1.6788E-15  1.0000E+00  7.5039E-01  3.3556E-05  2.5361E-05  2.4955E-01  4.5369E-14  3.1414E-09  7.3094E-14
   1.7140E-15  1.0000E+00  7.5039E-01  3.3556E-05  2.5361E-05  2.4955E-01  4.5369E-14  3.1414E-09  7.3094E-14
   1.7498E-15  1.0000E+00  7.5039E-01  3.3556E-05  2.5361E-05  2.4955E-01  4.5369E-14  3.1414E-09  7.3094E-14
   1.7865E-15  1.0000E+00  7.5039E-01  3.3556E-05  2.5361E-05  2.4955E-01  4.5369E-14  3.1414E-09  7.3094E-14
   1.8239E-15  1.0000E+00  7.5039E-01  3.3556E-05  2.5361E-05  2.4955E-01  4.5369E-14  3.1414E-09  7.3094E-14
   1.8621E-15  1.0000E+00  7.5039E-01  3.3556E-05  2.5361E-05  2.4955E-01  4.5369E-14  3.1414E-09  7.3094E-14
   1.9011E-15  1.0000E+00  7.5039E-01  3.3556E-05  2.5361E-05  2.4955E-01  4.5369E-14  3.1414E-09  7.3094E-14
   1.9409E-15  1.0000E+00  7.5039E-01  3.3556E-05  2.5361E-05  2.4955E-01  4.5369E-14  3.1414E-09  7.3094E-14
   1.9815E-15  1.0000E+00  7.5039E-01  3.3556E-05  2.5361E-05  2.4955E-01  4.5369E-14  3.1414E-09  7.3094E-14
   2.0230E-15  1.0000E+00  7.5039E-01  3.3556E-05  2.5361E-05  2.4955E-01  4.5369E-14  3.1414E-09  7.3094E-14
   2.0654E-15  1.0000E+00  7.5039E-01  3.3556E-05  2.5361E-05  2.4955E-01  4.5369E-14  3.1414E-09  7.3094E-14
   2.1086E-15  1.0000E+00  7.5039E-01  3.3556E-05  2.5361E-05  2.4955E-01  4.5369E-14  3.1414E-09  7.3094E-14
   2.1528E-15  1.0000E+00  7.5039E-01  3.3556E-05  2.5361E-05  2.4955E-01  4.5369E-14  3.1414E-09  7.3094E-14
   2.1979E-15  1.0000E+00  7.5039E-01  3.3556E-05  2.5361E-05  2.4955E-01  4.5369E-14  3.1414E-09  7.3094E-14
   2.2439E-15  1.0000E+00  7.5039E-01  3.3556E-05  2.5361E-05  2.4955E-01  4.5369E-14  3.1414E-09  7.3094E-14
   2.2909E-15  1.0000E+00  7.5039E-01  3.3556E-05  2.5361E-05  2.4955E-01  4.5369E-14  3.1414E-09  7.3094E-14
   2.3388E-15  1.0000E+00  7.5039E-01  3.3556E-05  2.5361E-05  2.4955E-01  4.5369E-14  3.1414E-09  7.3094E-14
   2.3878E-15  1.0000E+00  7.5039E-01  3.3556E-05  2.5361E-05  2.4955E-01  4.5369E-14  3.1414E-09  7.3094E-14
   2.4378E-15  1.0000E+00  7.5039E-01  3.3556E-05  2.5361E-05  2.4955E-01  4.5369E-14  3.1414E-09  7.3094E-14
   2.4889E-15  1.0000E+00  7.5039E-01  3.3556E-05  2.5361E-05  2.4955E-01  4.5369E-14  3.1414E-09  7.3094E-14
   2.5410E-15  1.0000E+00  7.5039E-01  3.3556E-05  2.5361E-05  2.4955E-01  4.5369E-14  3.1414E-09  7.3094E-14
   2.5942E-15  1.0000E+00  7.5039E-01  3.3556E-05  2.5361E-05  2.4955E-01  4.5369E-14  3.1414E-09  7.3094E-14
   2.6485E-15  1.0000E+00  7.5039E-01  3.3556E-05  2.5361E-05  2.4955E-01  4.5369E-14  3.1414E-09  7.3094E-14
   2.7040E-15  1.0000E+00  7.5039E-01  3.3556E-05  2.5361E-05  2.4955E-01  4.5369E-14  3.1414E-09  7.3094E-14
   2.7606E-15  1.0000E+00  7.5039E-01  3.3556E-05  2.5361E-05  2.4955E-01  4.5369E-14  3.1414E-09  7.3094E-14
   2.8184E-15  1.0000E+00  7.5039E-01  3.3556E-05  2.5361E-05  2.4955E-01  4.5369E-14  3.1414E-09  7.3094E-14
   2.8774E-15  1.0000E+00  7.5039E-01  3.3556E-05  2.5361E-05  2.4955E-01  4.5369E-14  3.1414E-09  7.3094E-14
   2.9376E-15  1.0000E+00  7.5039E-01  3.3556E-05  2.5361E-05  2.4955E-01  4.5369E-14  3.1414E-09  7.3094E-14
   2.9992E-15  1.0000E+00  7.5039E-01  3.3556E-05  2.5361E-05  2.4955E-01  4.5369E-14  3.1414E-09  7.3094E-14
   3.0620E-15  1.0000E+00  7.5039E-01  3.3556E-05  2.5361E-05  2.4955E-01  4.5369E-14  3.1414E-09  7.3094E-14
   3.1261E-15  1.0000E+00  7.5039E-01  3.3556E-05  2.5361E-05  2.4955E-01  4.5369E-14  3.1414E-09  7.3094E-14
   3.1915E-15  1.0000E+00  7.5039E-01  3.3556E-05  2.5361E-05  2.4955E-01  4.5369E-14  3.1414E-09  7.3094E-14
   3.2584E-15  1.0000E+00  7.5039E-01  3.3556E-05  2.5361E-05  2.4955E-01  4.5369E-14  3.1414E-09  7.3094E-14
   3.3266E-15  1.0000E+00  7.5039E-01  3.3556E-05  2.5361E-05  2.4955E-01  4.5369E-14  3.1414E-09  7.3094E-14
   3.3963E-15  1.0000E+00  7.5039E-01  3.3556E-05  2.5361E-05  2.4955E-01  4.5369E-14  3.1414E-09  7.3094E-14
   3.4674E-15  1.0000E+00  7.5039E-01  3.3556E-05  2.5361E-05  2.4955E-01  4.5369E-14  3.1414E-09  7.3094E-14
   3.5400E-15  1.0000E+00  7.5039E-01  3.3556E-05  2.5361E-05  2.4955E-01  4.5369E-14  3.1414E-09  7.3094E-14
   3.6141E-15  1.0000E+00  7.5039E-01  3.3556E-05  2.5361E-05  2.4955E-01  4.5369E-14  3.1414E-09  7.3094E-14
   3.6898E-15  1.0000E+00  7.5039E-01  3.3556E-05  2.5361E-05  2.4955E-01  4.5369E-14  3.1414E-09  7.3094E-14
   3.7670E-15  1.0000E+00  7.5039E-01  3.3556E-05  2.5361E-05  2.4955E-01  4.5369E-14  3.1414E-09  7.3094E-14
   3.8459E-15  1.0000E+00  7.5039E-01  3.3556E-05  2.5361E-05  2.4955E-01  4.5369E-14  3.1414E-09  7.3094E-14
   3.9264E-15  1.0000E+00  7.5039E-01  3.3556E-05  2.5361E-05  2.4955E-01  4.5369E-14  3.1414E-09  7.3094E-14
   4.0087E-15  1.0000E+00  7.5039E-01  3.3556E-05  2.5361E-05  2.4955E-01  4.5369E-14  3.1414E-09  7.3094E-14
   4.0926E-15  1.0000E+00  7.5039E-01  3.3556E-05  2.5361E-05  2.4955E-01  4.5369E-14  3.1414E-09  7.3094E-14
   4.1783E-15  1.0000E+00  7.5039E-01  3.3556E-05  2.5361E-05  2.4955E-01  4.5369E-14  3.1414E-09  7.3094E-14
   4.2658E-15  1.0000E+00  7.5039E-01  3.3556E-05  2.5361E-05  2.4955E-01  4.5369E-14  3.1414E-09  7.3094E-14
   4.3551E-15  1.0000E+00  7.5039E-01  3.3556E-05  2.5361E-05  2.4955E-01  4.5369E-14  3.1414E-09  7.3094E-14
   4.4463E-15  1.0000E+00  7.5039E-01  3.3556E-05  2.5361E-05  2.4955E-01  4.5369E-14  3.1414E-09  7.3094E-14
   4.5394E-15  1.0000E+00  7.5039E-01  3.3556E-05  2.5361E-05  2.4955E-01  4.5369E-14  3.1414E-09  7.3094E-14
   4.6345E-15  1.0000E+00  7.5039E-01  3.3556E-05  2.5361E-05  2.4955E-01  4.5369E-14  3.1414E-09  7.3094E-14
   4.7315E-15  1.0000E+00  7.5039E-01  3.3556E-05  2.5361E-05  2.4955E-01  4.5369E-14  3.1414E-09  7.3094E-14
   4.8306E-15  1.0000E+00  7.5039E-01  3.3556E-05  2.5361E-05  2.4955E-01  4.5369E-14  3.1414E-09  7.3094E-14
   4.9317E-15  1.0000E+00  7.5039E-01  3.3556E-05  2.5361E-05  2.4955E-01  4.5369E-14  3.1414E-09  7.3094E-14
   5.0350E-15  1.0000E+00  7.5039E-01  3.3556E-05  2.5361E-05  2.4955E-01  4.5369E-14  3.1414E-09  7.3094E-14
   5.1404E-15  1.0000E+00  7.5039E-01  3.3556E-05  2.5361E-05  2.4955E-01  4.5369E-14  3.1414E-09  7.3094E-14
   5.2481E-15  1.0000E+00  7.5039E-01  3.3556E-05  2.5361E-05  2.4955E-01  4.5369E-14  3.1414E-09  7.3094E-14
   5.3580E-15  1.0000E+00  7.5039E-01  3.3556E-05  2.5361E-05  2.4955E-01  4.5369E-14  3.1414E-09  7.3094E-14
   5.4702E-15  1.0000E+00  7.5039E-01  3.3556E-05  2.5361E-05  2.4955E-01  4.5369E-14  3.1414E-09  7.3094E-14
   5.5847E-15  1.0000E+00  7.5039E-01  3.3556E-05  2.5361E-05  2.4955E-01  4.5369E-14  3.1414E-09  7.3094E-14
   5.7016E-15  1.0000E+00  7.5039E-01  3.3556E-05  2.5361E-05  2.4955E-01  4.5369E-14  3.1414E-09  7.3094E-14
   5.8210E-15  1.0000E+00  7.5039E-01  3.3556E-05  2.5361E-05  2.4955E-01  4.5369E-14  3.1414E-09  7.3094E-14
   5.9429E-15  1.0000E+00  7.5039E-01  3.3556E-05  2.5361E-05  2.4955E-01  4.5369E-14  3.1414E-09  7.3094E-14
   6.0674E-15  1.0000E+00  7.5039E-01  3.3556E-05  2.5361E-05  2.4955E-01  4.5369E-14  3.1414E-09  7.3094E-14
   6.1944E-15  1.0000E+00  7.5039E-01  3.3556E-05  2.5361E-05  2.4955E-01  4.5369E-14  3.1414E-09  7.3094E-14
   6.3241E-15  1.0000E+00  7.5039E-01  3.3556E-05  2.5361E-05  2.4955E-01  4.5369E-14  3.1414E-09  7.3094E-14
   6.4565E-15  1.0000E+00  7.5039E-01  3.3556E-05  2.5361E-05  2.4955E-01  4.5369E-14  3.1414E-09  7.3094E-14
   6.5917E-15  1.0000E+00  7.5039E-01  3.3556E-05  2.5361E-05  2.4955E-01  4.5369E-14  3.1414E-09  7.3094E-14
   6.7298E-15  1.0000E+00  7.5039E-01  3.3556E-05  2.5361E-05  2.4955E-01  4.5369E-14  3.1414E-09  7.3094E-14
   6.8707E-15  1.0000E+00  7.5039E-01  3.3556E-05  2.5361E-05  2.4955E-01  4.5369E-14  3.1414E-09  7.3094E-14
   7.0146E-15  1.0000E+00  7.5039E-01  3.3556E-05  2.5361E-05  2.4955E-01  4.5369E-14  3.1414E-09  7.3094E-14
   7.1614E-15  1.0000E+00  7.5039E-01  3.3556E-05  2.5361E-05  2.4955E-01  4.5369E-14  3.1414E-09  7.3094E-14
   7.3114E-15  1.0000E+00  7.5039E-01  3.3556E-05  2.5361E-05  2.4955E-01  4.5369E-14  3.1414E-09  7.3094E-14
   7.4645E-15  1.0000E+00  7.5039E-01  3.3556E-05  2.5361E-05  2.4955E-01  4.5369E-14  3.1414E-09  7.3094E-14
   7.6208E-15  1.0000E+00  7.5039E-01  3.3556E-05  2.5361E-05  2.4955E-01  4.5369E-14  3.1414E-09  7.3094E-14
   7.7804E-15  1.0000E+00  7.5039E-01  3.3556E-05  2.5361E-05  2.4955E-01  4.5369E-14  3.1414E-09  7.3094E-14
   7.9433E-15  1.0000E+00  7.5039E-01  3.3556E-05  2.5361E-05  2.4955E-01  4.5369E-14  3.1414E-09  7.3094E-14
   8.1096E-15  1.0000E+00  7.5039E-01  3.3556E-05  2.5361E-05  2.4955E-01  4.5369E-14  3.1414E-09  7.3094E-14
   8.2794E-15  1.0000E+00  7.5039E-01  3.3556E-05  2.5361E-05  2.4955E-01  4.5369E-14  3.1414E-09  7.3094E-14
   8.4528E-15  1.0000E+00  7.5039E-01  3.3556E-05  2.5361E-05  2.4955E-01  4.5369E-14  3.1414E-09  7.3094E-14
   8.6298E-15  1.0000E+00  7.5039E-01  3.3556E-05  2.5361E-05  2.4955E-01  4.5369E-14  3.1414E-09  7.3094E-14
   8.8105E-15  1.0000E+00  7.5039E-01  3.3556E-05  2.5361E-05  2.4955E-01  4.5369E-14  3.1414E-09  7.3094E-14
   8.9950E-15  1.0000E+00  7.5039E-01  3.3556E-05  2.5361E-05  2.4955E-01  4.5369E-14  3.1414E-09  7.3094E-14
   9.1833E-15  1.0000E+00  7.5039E-01  3.3556E-05  2.5361E-05  2.4955E-01  4.5369E-14  3.1414E-09  7.3094E-14
   9.3756E-15  1.0000E+00  7.5039E-01  3.3556E-05  2.5361E-05  2.4955E-01  4.5369E-14  3.1414E-09  7.3094E-14
   9.5719E-15  1.0000E+00  7.5039E-01  3.3556E-05  2.5361E-05  2.4955E-01  4.5369E-14  3.1414E-09  7.3094E-14
   9.7724E-15  1.0000E+00  7.5039E-01  3.3556E-05  2.5361E-05  2.4955E-01  4.5369E-14  3.1414E-09  7.3094E-14
   9.9770E-15  1.0000E+00  7.5039E-01  3.3556E-05  2.5361E-05  2.4955E-01  4.5369E-14  3.1414E-09  7.3094E-14
   1.0186E-14  1.0000E+00  7.5039E-01  3.3556E-05  2.5361E-05  2.4955E-01  4.5369E-14  3.1414E-09  7.3094E-14
   1.0399E-14  1.0000E+00  7.5039E-01  3.3556E-05  2.5361E-05  2.4955E-01  4.5369E-14  3.1414E-09  7.3094E-14
   1.0617E-14  1.0000E+00  7.5039E-01  3.3556E-05  2.5361E-05  2.4955E-01  4.5369E-14  3.1414E-09  7.3094E-14
   1.0839E-14  1.0000E+00  7.5039E-01  3.3556E-05  2.5361E-05  2.4955E-01  4.5369E-14  3.1414E-09  7.3094E-14
   1.1066E-14  1.0000E+00  7.5039E-01  3.3556E-05  2.5361E-05  2.4955E-01  4.5369E-14  3.1414E-09  7.3094E-14
   1.1298E-14  1.0000E+00  7.5039E-01  3.3556E-05  2.5361E-05  2.4955E-01  4.5369E-14  3.1414E-09  7.3094E-14
   1.1535E-14  1.0000E+00  7.5039E-01  3.3556E-05  2.5361E-05  2.4955E-01  4.5369E-14  3.1414E-09  7.3094E-14
   1.1776E-14  1.0000E+00  7.5039E-01  3.3556E-05  2.5361E-05  2.4955E-01  4.5369E-14  3.1414E-09  7.3094E-14
   1.2023E-14  1.0000E+00  7.5039E-01  3.3556E-05  2.5361E-05  2.4955E-01  4.5369E-14  3.1414E-09  7.3094E-14
   1.2274E-14  1.0000E+00  7.5039E-01  3.3556E-05  2.5361E-05  2.4955E-01  4.5369E-14  3.1414E-09  7.3094E-14
   1.2531E-14  1.0000E+00  7.5039E-01  3.3556E-05  2.5361E-05  2.4955E-01  4.5369E-14  3.1414E-09  7.3094E-14
   1.2794E-14  1.0000E+00  7.5039E-01  3.3556E-05  2.5361E-05  2.4955E-01  4.5369E-14  3.1414E-09  7.3094E-14
   1.3062E-14  1.0000E+00  7.5039E-01  3.3556E-05  2.5361E-05  2.4955E-01  4.5369E-14  3.1414E-09  7.3094E-14
   1.3335E-14  1.0000E+00  7.5039E-01  3.3556E-05  2.5361E-05  2.4955E-01  4.5369E-14  3.1414E-09  7.3094E-14
   1.3614E-14  1.0000E+00  7.5039E-01  3.3556E-05  2.5361E-05  2.4955E-01  4.5369E-14  3.1414E-09  7.3094E-14
   1.3900E-14  1.0000E+00  7.5039E-01  3.3556E-05  2.5361E-05  2.4955E-01  4.5369E-14  3.1414E-09  7.3094E-14
   1.4191E-14  1.0000E+00  7.5039E-01  3.3556E-05  2.5361E-05  2.4955E-01  4.5369E-14  3.1414E-09  7.3094E-14
   1.4488E-14  1.0000E+00  7.5039E-01  3.3556E-05  2.5361E-05  2.4955E-01  4.5369E-14  3.1414E-09  7.3094E-14
   1.4791E-14  1.0000E+00  7.5039E-01  3.3556E-05  2.5361E-05  2.4955E-01  4.5369E-14  3.1414E-09  7.3094E-14
   1.5101E-14  1.0000E+00  7.5039E-01  3.3556E-05  2.5361E-05  2.4955E-01  4.5369E-14  3.1414E-09  7.3094E-14
   1.5417E-14  1.0000E+00  7.5039E-01  3.3556E-05  2.5361E-05  2.4955E-01  4.5369E-14  3.1414E-09  7.3094E-14
   1.5740E-14  1.0000E+00  7.5039E-01  3.3556E-05  2.5361E-05  2.4955E-01  4.5369E-14  3.1414E-09  7.3094E-14
   1.6069E-14  1.0000E+00  7.5039E-01  3.3556E-05  2.5361E-05  2.4955E-01  4.5369E-14  3.1414E-09  7.3094E-14
   1.6406E-14  1.0000E+00  7.5039E-01  3.3556E-05  2.5361E-05  2.4955E-01  4.5369E-14  3.1414E-09  7.3094E-14
   1.6749E-14  1.0000E+00  7.5039E-01  3.3556E-05  2.5361E-05  2.4955E-01  4.5369E-14  3.1414E-09  7.3094E-14
   1.7100E-14  1.0000E+00  7.5039E-01  3.3556E-05  2.5361E-05  2.4955E-01  4.5369E-14  3.1414E-09  7.3094E-14
   1.7458E-14  1.0000E+00  7.5039E-01  3.3556E-05  2.5361E-05  2.4955E-01  4.5369E-14  3.1414E-09  7.3094E-14
   1.7824E-14  1.0000E+00  7.5039E-01  3.3556E-05  2.5361E-05  2.4955E-01  4.5369E-14  3.1414E-09  7.3094E-14
   1.8197E-14  1.0000E+00  7.5039E-01  3.3556E-05  2.5361E-05  2.4955E-01  4.5369E-14  3.1414E-09  7.3094E-14
   1.8578E-14  1.0000E+00  7.5039E-01  3.3556E-05  2.5361E-05  2.4955E-01  4.5369E-14  3.1414E-09  7.3094E-14
   1.8967E-14  1.0000E+00  7.5039E-01  3.3556E-05  2.5361E-05  2.4955E-01  4.5369E-14  3.1414E-09  7.3094E-14
   1.9364E-14  1.0000E+00  7.5039E-01  3.3556E-05  2.5361E-05  2.4955E-01  4.5369E-14  3.1414E-09  7.3094E-14
   1.9770E-14  1.0000E+00  7.5039E-01  3.3556E-05  2.5361E-05  2.4955E-01  4.5369E-14  3.1414E-09  7.3094E-14
   2.0184E-14  1.0000E+00  7.5039E-01  3.3556E-05  2.5361E-05  2.4955E-01  4.5369E-14  3.1414E-09  7.3094E-14
   2.0606E-14  1.0000E+00  7.5039E-01  3.3556E-05  2.5361E-05  2.4955E-01  4.5369E-14  3.1414E-09  7.3094E-14
   2.1038E-14  1.0000E+00  7.5039E-01  3.3556E-05  2.5361E-05  2.4955E-01  4.5369E-14  3.1414E-09  7.3094E-14
   2.1478E-14  1.0000E+00  7.5039E-01  3.3556E-05  2.5361E-05  2.4955E-01  4.5369E-14  3.1414E-09  7.3094E-14
   2.1928E-14  1.0000E+00  7.5039E-01  3.3556E-05  2.5361E-05  2.4955E-01  4.5369E-14  3.1414E-09  7.3094E-14
   2.2387E-14  1.0000E+00  7.5039E-01  3.3556E-05  2.5361E-05  2.4955E-01  4.5369E-14  3.1414E-09  7.3094E-14
   2.2856E-14  1.0000E+00  7.5039E-01  3.3556E-05  2.5361E-05  2.4955E-01  4.5369E-14  3.1414E-09  7.3094E-14
   2.3335E-14  1.0000E+00  7.5039E-01  3.3556E-05  2.5361E-05  2.4955E-01  4.5369E-14  3.1414E-09  7.3094E-14
   2.3823E-14  1.0000E+00  7.5039E-01  3.3556E-05  2.5361E-05  2.4955E-01  4.5369E-14  3.1414E-09  7.3094E-14
   2.4322E-14  1.0000E+00  7.5039E-01  3.3556E-05  2.5361E-05  2.4955E-01  4.5369E-14  3.1414E-09  7.3094E-14
   2.4831E-14  1.0000E+00  7.5039E-01  3.3556E-05  2.5361E-05  2.4955E-01  4.5369E-14  3.1414E-09  7.3094E-14
   2.5351E-14  1.0000E+00  7.5039E-01  3.3556E-05  2.5361E-05  2.4955E-01  4.5369E-14  3.1414E-09  7.3094E-14
   2.5882E-14  1.0000E+00  7.5039E-01  3.3556E-05  2.5361E-05  2.4955E-01  4.5369E-14  3.1414E-09  7.3094E-14
   2.6424E-14  1.0000E+00  7.5039E-01  3.3556E-05  2.5361E-05  2.4955E-01  4.5369E-14  3.1414E-09  7.3094E-14
   2.6977E-14  1.0000E+00  7.5039E-01  3.3556E-05  2.5361E-05  2.4955E-01  4.5369E-14  3.1414E-09  7.3094E-14
   2.7542E-14  1.0000E+00  7.5039E-01  3.3556E-05  2.5361E-05  2.4955E-01  4.5369E-14  3.1414E-09  7.3094E-14
   2.8119E-14  1.0000E+00  7.5039E-01  3.3556E-05  2.5361E-05  2.4955E-01  4.5369E-14  3.1414E-09  7.3094E-14
   2.8708E-14  1.0000E+00  7.5039E-01  3.3556E-05  2.5361E-05  2.4955E-01  4.5369E-14  3.1414E-09  7.3094E-14
   2.9309E-14  1.0000E+00  7.5039E-01  3.3556E-05  2.5361E-05  2.4955E-01  4.5369E-14  3.1414E-09  7.3094E-14
   2.9923E-14  1.0000E+00  7.5039E-01  3.3556E-05  2.5361E-05  2.4955E-01  4.5369E-14  3.1414E-09  7.3094E-14
   3.0549E-14  1.0000E+00  7.5039E-01  3.3556E-05  2.5361E-05  2.4955E-01  4.5369E-14  3.1414E-09  7.3094E-14
   3.1189E-14  1.0000E+00  7.5039E-01  3.3556E-05  2.5361E-05  2.4955E-01  4.5369E-14  3.1414E-09  7.3094E-14
   3.1842E-14  1.0000E+00  7.5039E-01  3.3556E-05  2.5361E-05  2.4955E-01  4.5369E-14  3.1414E-09  7.3094E-14
   3.2509E-14  1.0000E+00  7.5039E-01  3.3556E-05  2.5361E-05  2.4955E-01  4.5369E-14  3.1414E-09  7.3094E-14
   3.3189E-14  1.0000E+00  7.5039E-01  3.3556E-05  2.5361E-05  2.4955E-01  4.5369E-14  3.1414E-09  7.3094E-14
   3.3884E-14  1.0000E+00  7.5039E-01  3.3556E-05  2.5361E-05  2.4955E-01  4.5369E-14  3.1414E-09  7.3094E-14
   3.4594E-14  1.0000E+00  7.5039E-01  3.3556E-05  2.5361E-05  2.4955E-01  4.5369E-14  3.1414E-09  7.3094E-14
   3.5318E-14  1.0000E+00  7.5039E-01  3.3556E-05  2.5361E-05  2.4955E-01  4.5369E-14  3.1414E-09  7.3094E-14
   3.6058E-14  1.0000E+00  7.5039E-01  3.3556E-05  2.5361E-05  2.4955E-01  4.5369E-14  3.1414E-09  7.3094E-14
   3.6813E-14  1.0000E+00  7.5039E-01  3.3556E-05  2.5361E-05  2.4955E-01  4.5369E-14  3.1414E-09  7.3094E-14
   3.7584E-14  1.0000E+00  7.5039E-01  3.3556E-05  2.5361E-05  2.4955E-01  4.5369E-14  3.1414E-09  7.3094E-14
   3.8371E-14  1.0000E+00  7.5039E-01  3.3556E-05  2.5361E-05  2.4955E-01  4.5369E-14  3.1414E-09  7.3094E-14
   3.9174E-14  1.0000E+00  7.5039E-01  3.3556E-05  2.5361E-05  2.4955E-01  4.5369E-14  3.1414E-09  7.3094E-14
   3.9994E-14  1.0000E+00  7.5039E-01  3.3556E-05  2.5361E-05  2.4955E-01  4.5369E-14  3.1414E-09  7.3094E-14
   4.0832E-14  1.0000E+00  7.5039E-01  3.3556E-05  2.5361E-05  2.4955E-01  4.5369E-14  3.1414E-09  7.3094E-14
   4.1687E-14  1.0000E+00  7.5039E-01  3.3556E-05  2.5361E-05  2.4955E-01  4.5369E-14  3.1414E-09  7.3094E-14
   4.2560E-14  1.0000E+00  7.5039E-01  3.3556E-05  2.5361E-05  2.4955E-01  4.5369E-14  3.1414E-09  7.3094E-14
   4.3451E-14  1.0000E+00  7.5039E-01  3.3556E-05  2.5361E-05  2.4955E-01  4.5369E-14  3.1414E-09  7.3094E-14
   4.4361E-14  1.0000E+00  7.5039E-01  3.3556E-05  2.5361E-05  2.4955E-01  4.5369E-14  3.1414E-09  7.3094E-14
   4.5290E-14  1.0000E+00  7.5039E-01  3.3556E-05  2.5361E-05  2.4955E-01  4.5369E-14  3.1414E-09  7.3094E-14
   4.6238E-14  1.0000E+00  7.5039E-01  3.3556E-05  2.5361E-05  2.4955E-01  4.5369E-14  3.1414E-09  7.3094E-14
   4.7206E-14  1.0000E+00  7.5039E-01  3.3556E-05  2.5361E-05  2.4955E-01  4.5369E-14  3.1414E-09  7.3094E-14
   4.8195E-14  1.0000E+00  7.5039E-01  3.3556E-05  2.5361E-05  2.4955E-01  4.5369E-14  3.1414E-09  7.3094E-14
   4.9204E-14  1.0000E+00  7.5039E-01  3.3556E-05  2.5361E-05  2.4955E-01  4.5369E-14  3.1414E-09  7.3094E-14
   5.0234E-14  1.0000E+00  7.5039E-01  3.3556E-05  2.5361E-05  2.4955E-01  4.5369E-14  3.1414E-09  7.3094E-14
   5.1286E-14  1.0000E+00  7.5039E-01  3.3556E-05  2.5361E-05  2.4955E-01  4.5369E-14  3.1414E-09  7.3094E-14
   5.2360E-14  1.0000E+00  7.5039E-01  3.3556E-05  2.5361E-05  2.4955E-01  4.5369E-14  3.1414E-09  7.3094E-14
   5.3456E-14  1.0000E+00  7.5039E-01  3.3556E-05  2.5361E-05  2.4955E-01  4.5369E-14  3.1414E-09  7.3094E-14
   5.4576E-14  1.0000E+00  7.5039E-01  3.3556E-05  2.5361E-05  2.4955E-01  4.5369E-14  3.1414E-09  7.3094E-14
   5.5719E-14  1.0000E+00  7.5039E-01  3.3556E-05  2.5361E-05  2.4955E-01  4.5369E-14  3.1414E-09  7.3094E-14
   5.6885E-14  1.0000E+00  7.5039E-01  3.3556E-05  2.5361E-05  2.4955E-01  4.5369E-14  3.1414E-09  7.3094E-14
   5.8076E-14  1.0000E+00  7.5039E-01  3.3556E-05  2.5361E-05  2.4955E-01  4.5369E-14  3.1414E-09  7.3094E-14
   5.9293E-14  1.0000E+00  7.5039E-01  3.3556E-05  2.5361E-05  2.4955E-01  4.5369E-14  3.1414E-09  7.3094E-14
   6.0534E-14  1.0000E+00  7.5039E-01  3.3556E-05  2.5361E-05  2.4955E-01  4.5369E-14  3.1414E-09  7.3094E-14
   6.1802E-14  1.0000E+00  7.5039E-01  3.3556E-05  2.5361E-05  2.4955E-01  4.5369E-14  3.1414E-09  7.3094E-14
   6.3096E-14  1.0000E+00  7.5039E-01  3.3556E-05  2.5361E-05  2.4955E-01  4.5369E-14  3.1414E-09  7.3094E-14
   6.4417E-14  1.0000E+00  7.5039E-01  3.3556E-05  2.5361E-05  2.4955E-01  4.5369E-14  3.1414E-09  7.3094E-14
   6.5766E-14  1.0000E+00  7.5039E-01  3.3556E-05  2.5361E-05  2.4955E-01  4.5369E-14  3.1414E-09  7.3094E-14
   6.7143E-14  1.0000E+00  7.5039E-01  3.3556E-05  2.5361E-05  2.4955E-01  4.5369E-14  3.1414E-09  7.3094E-14
   6.8549E-14  1.0000E+00  7.5039E-01  3.3556E-05  2.5361E-05  2.4955E-01  4.5369E-14  3.1414E-09  7.3094E-14
   6.9984E-14  1.0000E+00  7.5039E-01  3.3556E-05  2.5361E-05  2.4955E-01  4.5369E-14  3.1414E-09  7.3094E-14
   7.1450E-14  1.0000E+00  7.5039E-01  3.3556E-05  2.5361E-05  2.4955E-01  4.5369E-14  3.1414E-09  7.3094E-14
   7.2946E-14  1.0000E+00  7.5039E-01  3.3556E-05  2.5361E-05  2.4955E-01  4.5369E-14  3.1414E-09  7.3094E-14
   7.4473E-14  1.0000E+00  7.5039E-01  3.3556E-05  2.5361E-05  2.4955E-01  4.5369E-14  3.1414E-09  7.3094E-14
   7.6033E-14  1.0000E+00  7.5039E-01  3.3556E-05  2.5361E-05  2.4955E-01  4.5369E-14  3.1414E-09  7.3094E-14
   7.7625E-14  1.0000E+00  7.5039E-01  3.3556E-05  2.5361E-05  2.4955E-01  4.5369E-14  3.1414E-09  7.3094E-14
   7.9250E-14  1.0000E+00  7.5039E-01  3.3556E-05  2.5361E-05  2.4955E-01  4.5369E-14  3.1414E-09  7.3094E-14
   8.0910E-14  1.0000E+00  7.5039E-01  3.3556E-05  2.5361E-05  2.4955E-01  4.5369E-14  3.1414E-09  7.3094E-14
   8.2604E-14  1.0000E+00  7.5039E-01  3.3556E-05  2.5361E-05  2.4955E-01  4.5369E-14  3.1414E-09  7.3094E-14
   8.4333E-14  1.0000E+00  7.5039E-01  3.3556E-05  2.5361E-05  2.4955E-01  4.5369E-14  3.1414E-09  7.3094E-14
   8.6099E-14  1.0000E+00  7.5039E-01  3.3556E-05  2.5361E-05  2.4955E-01  4.5369E-14  3.1414E-09  7.3094E-14
   8.7902E-14  1.0000E+00  7.5039E-01  3.3556E-05  2.5361E-05  2.4955E-01  4.5369E-14  3.1414E-09  7.3094E-14
   8.9743E-14  1.0000E+00  7.5039E-01  3.3556E-05  2.5361E-05  2.4955E-01  4.5369E-14  3.1414E-09  7.3094E-14
   9.1622E-14  1.0000E+00  7.5039E-01  3.3556E-05  2.5361E-05  2.4955E-01  4.5369E-14  3.1414E-09  7.3094E-14
   9.3541E-14  1.0000E+00  7.5039E-01  3.3556E-05  2.5361E-05  2.4955E-01  4.5369E-14  3.1414E-09  7.3094E-14
   9.5499E-14  1.0000E+00  7.5039E-01  3.3556E-05  2.5361E-05  2.4955E-01  4.5369E-14  3.1414E-09  7.3094E-14
   9.7499E-14  1.0000E+00  7.5039E-01  3.3556E-05  2.5361E-05  2.4955E-01  4.5369E-14  3.1414E-09  7.3094E-14
   9.9541E-14  1.0000E+00  7.5039E-01  3.3556E-05  2.5361E-05  2.4955E-01  4.5369E-14  3.1414E-09  7.3094E-14
   1.0162E-13  1.0000E+00  7.5039E-01  3.3556E-05  2.5361E-05  2.4955E-01  4.5369E-14  3.1414E-09  7.3094E-14
   1.0375E-13  1.0000E+00  7.5039E-01  3.3556E-05  2.5361E-05  2.4955E-01  4.5369E-14  3.1414E-09  7.3094E-14
   1.0593E-13  1.0000E+00  7.5039E-01  3.3556E-05  2.5361E-05  2.4955E-01  4.5369E-14  3.1414E-09  7.3094E-14
   1.0814E-13  1.0000E+00  7.5039E-01  3.3556E-05  2.5361E-05  2.4955E-01  4.5369E-14  3.1414E-09  7.3094E-14
   1.1041E-13  1.0000E+00  7.5039E-01  3.3556E-05  2.5361E-05  2.4955E-01  4.5369E-14  3.1414E-09  7.3094E-14
   1.1272E-13  1.0000E+00  7.5039E-01  3.3556E-05  2.5361E-05  2.4955E-01  4.5369E-14  3.1414E-09  7.3094E-14
   1.1508E-13  1.0000E+00  7.5039E-01  3.3556E-05  2.5361E-05  2.4955E-01  4.5369E-14  3.1414E-09  7.3094E-14
   1.1749E-13  1.0000E+00  7.5039E-01  3.3556E-05  2.5361E-05  2.4955E-01  4.5369E-14  3.1414E-09  7.3094E-14
   1.1995E-13  1.0000E+00  7.5039E-01  3.3556E-05  2.5361E-05  2.4955E-01  4.5369E-14  3.1414E-09  7.3094E-14
   1.2246E-13  1.0000E+00  7.5039E-01  3.3556E-05  2.5361E-05  2.4955E-01  4.5369E-14  3.1414E-09  7.3094E-14
   1.2503E-13  1.0000E+00  7.5039E-01  3.3556E-05  2.5361E-05  2.4955E-01  4.5369E-14  3.1414E-09  7.3094E-14
   1.2764E-13  1.0000E+00  7.5039E-01  3.3556E-05  2.5361E-05  2.4955E-01  4.5369E-14  3.1414E-09  7.3094E-14
   1.3032E-13  1.0000E+00  7.5039E-01  3.3556E-05  2.5361E-05  2.4955E-01  4.5369E-14  3.1414E-09  7.3094E-14
   1.3305E-13  1.0000E+00  7.5039E-01  3.3556E-05  2.5361E-05  2.4955E-01  4.5369E-14  3.1414E-09  7.3094E-14
   1.3583E-13  1.0000E+00  7.5039E-01  3.3556E-05  2.5361E-05  2.4955E-01  4.5369E-14  3.1414E-09  7.3094E-14
   1.3868E-13  1.0000E+00  7.5039E-01  3.3556E-05  2.5361E-05  2.4955E-01  4.5369E-14  3.1414E-09  7.3094E-14
   1.4158E-13  1.0000E+00  7.5039E-01  3.3556E-05  2.5361E-05  2.4955E-01  4.5369E-14  3.1414E-09  7.3094E-14
   1.4454E-13  1.0000E+00  7.5039E-01  3.3556E-05  2.5361E-05  2.4955E-01  4.5369E-14  3.1414E-09  7.3094E-14
   1.4757E-13  1.0000E+00  7.5039E-01  3.3556E-05  2.5361E-05  2.4955E-01  4.5369E-14  3.1414E-09  7.3094E-14
   1.5066E-13  1.0000E+00  7.5039E-01  3.3556E-05  2.5361E-05  2.4955E-01  4.5369E-14  3.1414E-09  7.3094E-14
   1.5382E-13  1.0000E+00  7.5039E-01  3.3556E-05  2.5361E-05  2.4955E-01  4.5369E-14  3.1414E-09  7.3094E-14
   1.5704E-13  1.0000E+00  7.5039E-01  3.3556E-05  2.5361E-05  2.4955E-01  4.5369E-14  3.1414E-09  7.3094E-14
   1.6032E-13  1.0000E+00  7.5039E-01  3.3556E-05  2.5361E-05  2.4955E-01  4.5369E-14  3.1414E-09  7.3094E-14
   1.6368E-13  1.0000E+00  7.5039E-01  3.3556E-05  2.5361E-05  2.4955E-01  4.5369E-14  3.1414E-09  7.3094E-14
   1.6711E-13  1.0000E+00  7.5039E-01  3.3556E-05  2.5361E-05  2.4955E-01  4.5369E-14  3.1414E-09  7.3094E-14
   1.7061E-13  1.0000E+00  7.5039E-01  3.3556E-05  2.5361E-05  2.4955E-01  4.5369E-14  3.1414E-09  7.3094E-14
   1.7418E-13  1.0000E+00  7.5039E-01  3.3556E-05  2.5361E-05  2.4955E-01  4.5369E-14  3.1414E-09  7.3094E-14
   1.7783E-13  1.0000E+00  7.5039E-01  3.3556E-05  2.5361E-05  2.4955E-01  4.5369E-14  3.1414E-09  7.3094E-14
   1.8155E-13  1.0000E+00  7.5039E-01  3.3556E-05  2.5361E-05  2.4955E-01  4.5369E-14  3.1414E-09  7.3094E-14
   1.8535E-13  1.0000E+00  7.5039E-01  3.3556E-05  2.5361E-05  2.4955E-01  4.5369E-14  3.1414E-09  7.3094E-14
   1.8923E-13  1.0000E+00  7.5039E-01  3.3556E-05  2.5361E-05  2.4955E-01  4.5369E-14  3.1414E-09  7.3094E-14
   1.9320E-13  1.0000E+00  7.5039E-01  3.3556E-05  2.5361E-05  2.4955E-01  4.5369E-14  3.1414E-09  7.3094E-14
   1.9724E-13  1.0000E+00  7.5039E-01  3.3556E-05  2.5361E-05  2.4955E-01  4.5369E-14  3.1414E-09  7.3094E-14
   2.0137E-13  1.0000E+00  7.5039E-01  3.3556E-05  2.5361E-05  2.4955E-01  4.5369E-14  3.1414E-09  7.3094E-14
   2.0559E-13  1.0000E+00  7.5039E-01  3.3556E-05  2.5361E-05  2.4955E-01  4.5369E-14  3.1414E-09  7.3094E-14
   2.0989E-13  1.0000E+00  7.5039E-01  3.3556E-05  2.5361E-05  2.4955E-01  4.5369E-14  3.1414E-09  7.3094E-14
   2.1429E-13  1.0000E+00  7.5039E-01  3.3556E-05  2.5361E-05  2.4955E-01  4.5369E-14  3.1414E-09  7.3094E-14
   2.1878E-13  1.0000E+00  7.5039E-01  3.3556E-05  2.5361E-05  2.4955E-01  4.5369E-14  3.1414E-09  7.3094E-14
   2.2336E-13  1.0000E+00  7.5039E-01  3.3556E-05  2.5361E-05  2.4955E-01  4.5369E-14  3.1414E-09  7.3094E-14
   2.2803E-13  1.0000E+00  7.5039E-01  3.3556E-05  2.5361E-05  2.4955E-01  4.5369E-14  3.1414E-09  7.3094E-14
   2.3281E-13  1.0000E+00  7.5039E-01  3.3556E-05  2.5361E-05  2.4955E-01  4.5369E-14  3.1414E-09  7.3094E-14
   2.3768E-13  1.0000E+00  7.5039E-01  3.3556E-05  2.5361E-05  2.4955E-01  4.5369E-14  3.1414E-09  7.3094E-14
   2.4266E-13  1.0000E+00  7.5039E-01  3.3556E-05  2.5361E-05  2.4955E-01  4.5369E-14  3.1414E-09  7.3094E-14
   2.4774E-13  1.0000E+00  7.5039E-01  3.3556E-05  2.5361E-05  2.4955E-01  4.5369E-14  3.1414E-09  7.3094E-14
   2.5293E-13  1.0000E+00  7.5039E-01  3.3556E-05  2.5361E-05  2.4955E-01  4.5369E-14  3.1414E-09  7.3094E-14
   2.5823E-13  1.0000E+00  7.5039E-01  3.3556E-05  2.5361E-05  2.4955E-01  4.5369E-14  3.1414E-09  7.3094E-14
   2.6363E-13  1.0000E+00  7.5039E-01  3.3556E-05  2.5361E-05  2.4955E-01  4.5369E-14  3.1414E-09  7.3094E-14
   2.6915E-13  1.0000E+00  7.5039E-01  3.3556E-05  2.5361E-05  2.4955E-01  4.5369E-14  3.1414E-09  7.3094E-14
   2.7479E-13  1.0000E+00  7.5039E-01  3.3556E-05  2.5361E-05  2.4955E-01  4.5369E-14  3.1414E-09  7.3094E-14
   2.8054E-13  1.0000E+00  7.5039E-01  3.3556E-05  2.5361E-05  2.4955E-01  4.5369E-14  3.1414E-09  7.3094E-14
   2.8642E-13  1.0000E+00  7.5039E-01  3.3556E-05  2.5361E-05  2.4955E-01  4.5369E-14  3.1414E-09  7.3094E-14
   2.9242E-13  1.0000E+00  7.5039E-01  3.3556E-05  2.5361E-05  2.4955E-01  4.5369E-14  3.1414E-09  7.3094E-14
   2.9854E-13  1.0000E+00  7.5039E-01  3.3556E-05  2.5361E-05  2.4955E-01  4.5369E-14  3.1414E-09  7.3094E-14
   3.0479E-13  1.0000E+00  7.5039E-01  3.3556E-05  2.5361E-05  2.4955E-01  4.5369E-14  3.1414E-09  7.3094E-14
   3.1117E-13  1.0000E+00  7.5039E-01  3.3556E-05  2.5361E-05  2.4955E-01  4.5369E-14  3.1414E-09  7.3094E-14
   3.1769E-13  1.0000E+00  7.5039E-01  3.3556E-05  2.5361E-05  2.4955E-01  4.5369E-14  3.1414E-09  7.3094E-14
   3.2434E-13  1.0000E+00  7.5039E-01  3.3556E-05  2.5361E-05  2.4955E-01  4.5369E-14  3.1414E-09  7.3094E-14
   3.3113E-13  1.0000E+00  7.5039E-01  3.3556E-05  2.5361E-05  2.4955E-01  4.5369E-14  3.1414E-09  7.3094E-14
   3.3806E-13  1.0000E+00  7.5039E-01  3.3556E-05  2.5361E-05  2.4955E-01  4.5369E-14  3.1414E-09  7.3094E-14
   3.4514E-13  1.0000E+00  7.5039E-01  3.3556E-05  2.5361E-05  2.4955E-01  4.5369E-14  3.1414E-09  7.3094E-14
   3.5237E-13  1.0000E+00  7.5039E-01  3.3556E-05  2.5361E-05  2.4955E-01  4.5369E-14  3.1414E-09  7.3094E-14
   3.5975E-13  1.0000E+00  7.5039E-01  3.3556E-05  2.5361E-05  2.4955E-01  4.5369E-14  3.1414E-09  7.3094E-14
   3.6728E-13  1.0000E+00  7.5039E-01  3.3556E-05  2.5361E-05  2.4955E-01  4.5369E-14  3.1414E-09  7.3094E-14
   3.7497E-13  1.0000E+00  7.5039E-01  3.3556E-05  2.5361E-05  2.4955E-01  4.5369E-14  3.1414E-09  7.3094E-14
   3.8282E-13  1.0000E+00  7.5039E-01  3.3556E-05  2.5361E-05  2.4955E-01  4.5369E-14  3.1414E-09  7.3094E-14
   3.9084E-13  1.0000E+00  7.5039E-01  3.3556E-05  2.5361E-05  2.4955E-01  4.5369E-14  3.1414E-09  7.3094E-14
   3.9902E-13  1.0000E+00  7.5039E-01  3.3556E-05  2.5361E-05  2.4955E-01  4.5369E-14  3.1414E-09  7.3094E-14
   4.0738E-13  1.0000E+00  7.5039E-01  3.3556E-05  2.5361E-05  2.4955E-01  4.5369E-14  3.1414E-09  7.3094E-14
   4.1591E-13  1.0000E+00  7.5039E-01  3.3556E-05  2.5361E-05  2.4955E-01  4.5369E-14  3.1414E-09  7.3094E-14
   4.2462E-13  1.0000E+00  7.5039E-01  3.3556E-05  2.5361E-05  2.4955E-01  4.5369E-14  3.1414E-09  7.3094E-14
   4.3351E-13  1.0000E+00  7.5039E-01  3.3556E-05  2.5361E-05  2.4955E-01  4.5369E-14  3.1414E-09  7.3094E-14
   4.4259E-13  1.0000E+00  7.5039E-01  3.3556E-05  2.5361E-05  2.4955E-01  4.5369E-14  3.1414E-09  7.3094E-14
   4.5186E-13  1.0000E+00  7.5039E-01  3.3556E-05  2.5361E-05  2.4955E-01  4.5369E-14  3.1414E-09  7.3094E-14
   4.6132E-13  1.0000E+00  7.5039E-01  3.3556E-05  2.5361E-05  2.4955E-01  4.5369E-14  3.1414E-09  7.3094E-14
   4.7098E-13  1.0000E+00  7.5039E-01  3.3556E-05  2.5361E-05  2.4955E-01  4.5369E-14  3.1414E-09  7.3094E-14
   4.8084E-13  1.0000E+00  7.5039E-01  3.3556E-05  2.5361E-05  2.4955E-01  4.5369E-14  3.1414E-09  7.3094E-14
   4.9091E-13  1.0000E+00  7.5039E-01  3.3556E-05  2.5361E-05  2.4955E-01  4.5369E-14  3.1414E-09  7.3094E-14
   5.0119E-13  1.0000E+00  7.5039E-01  3.3556E-05  2.5361E-05  2.4955E-01  4.5369E-14  3.1414E-09  7.3094E-14
   5.1168E-13  1.0000E+00  7.5039E-01  3.3556E-05  2.5361E-05  2.4955E-01  4.5369E-14  3.1414E-09  7.3094E-14
   5.2240E-13  1.0000E+00  7.5039E-01  3.3556E-05  2.5361E-05  2.4955E-01  4.5369E-14  3.1414E-09  7.3094E-14
   5.3333E-13  1.0000E+00  7.5039E-01  3.3556E-05  2.5361E-05  2.4955E-01  4.5369E-14  3.1414E-09  7.3094E-14
   5.4450E-13  1.0000E+00  7.5039E-01  3.3556E-05  2.5361E-05  2.4955E-01  4.5369E-14  3.1414E-09  7.3094E-14
   5.5590E-13  1.0000E+00  7.5039E-01  3.3556E-05  2.5361E-05  2.4955E-01  4.5369E-14  3.1414E-09  7.3094E-14
   5.6754E-13  1.0000E+00  7.5039E-01  3.3556E-05  2.5361E-05  2.4955E-01  4.5369E-14  3.1414E-09  7.3094E-14
   5.7943E-13  1.0000E+00  7.5039E-01  3.3556E-05  2.5361E-05  2.4955E-01  4.5369E-14  3.1414E-09  7.3094E-14
   5.9156E-13  1.0000E+00  7.5039E-01  3.3556E-05  2.5361E-05  2.4955E-01  4.5369E-14  3.1414E-09  7.3094E-14
   6.0395E-13  1.0000E+00  7.5039E-01  3.3556E-05  2.5361E-05  2.4955E-01  4.5369E-14  3.1414E-09  7.3094E-14
   6.1660E-13  1.0000E+00  7.5039E-01  3.3556E-05  2.5361E-05  2.4955E-01  4.5369E-14  3.1414E-09  7.3094E-14
   6.2951E-13  1.0000E+00  7.5039E-01  3.3556E-05  2.5361E-05  2.4955E-01  4.5369E-14  3.1414E-09  7.3094E-14
   6.4269E-13  1.0000E+00  7.5039E-01  3.3556E-05  2.5361E-05  2.4955E-01  4.5369E-14  3.1414E-09  7.3094E-14
   6.5615E-13  1.0000E+00  7.5039E-01  3.3556E-05  2.5361E-05  2.4955E-01  4.5369E-14  3.1414E-09  7.3094E-14
   6.6988E-13  1.0000E+00  7.5039E-01  3.3556E-05  2.5361E-05  2.4955E-01  4.5369E-14  3.1414E-09  7.3094E-14
   6.8391E-13  1.0000E+00  7.5039E-01  3.3556E-05  2.5361E-05  2.4955E-01  4.5369E-14  3.1414E-09  7.3094E-14
   6.9823E-13  1.0000E+00  7.5039E-01  3.3556E-05  2.5361E-05  2.4955E-01  4.5369E-14  3.1414E-09  7.3094E-14
   7.1285E-13  1.0000E+00  7.5039E-01  3.3556E-05  2.5361E-05  2.4955E-01  4.5369E-14  3.1414E-09  7.3094E-14
   7.2778E-13  1.0000E+00  7.5039E-01  3.3556E-05  2.5361E-05  2.4955E-01  4.5369E-14  3.1414E-09  7.3094E-14
   7.4302E-13  1.0000E+00  7.5039E-01  3.3556E-05  2.5361E-05  2.4955E-01  4.5369E-14  3.1414E-09  7.3094E-14
   7.5858E-13  1.0000E+00  7.5039E-01  3.3556E-05  2.5361E-05  2.4955E-01  4.5369E-14  3.1414E-09  7.3094E-14
   7.7446E-13  1.0000E+00  7.5039E-01  3.3556E-05  2.5361E-05  2.4955E-01  4.5369E-14  3.1414E-09  7.3094E-14
   7.9068E-13  1.0000E+00  7.5039E-01  3.3556E-05  2.5361E-05  2.4955E-01  4.5369E-14  3.1414E-09  7.3094E-14
   8.0724E-13  1.0000E+00  7.5039E-01  3.3556E-05  2.5361E-05  2.4955E-01  4.5369E-14  3.1414E-09  7.3094E-14
   8.2414E-13  1.0000E+00  7.5039E-01  3.3556E-05  2.5361E-05  2.4955E-01  4.5369E-14  3.1414E-09  7.3094E-14
   8.4140E-13  1.0000E+00  7.5039E-01  3.3556E-05  2.5361E-05  2.4955E-01  4.5369E-14  3.1414E-09  7.3094E-14
   8.5901E-13  1.0000E+00  7.5039E-01  3.3556E-05  2.5361E-05  2.4955E-01  4.5369E-14  3.1414E-09  7.3094E-14
   8.7700E-13  1.0000E+00  7.5039E-01  3.3556E-05  2.5361E-05  2.4955E-01  4.5369E-14  3.1414E-09  7.3094E-14
   8.9536E-13  1.0000E+00  7.5039E-01  3.3556E-05  2.5361E-05  2.4955E-01  4.5369E-14  3.1414E-09  7.3094E-14
   9.1411E-13  1.0000E+00  7.5039E-01  3.3556E-05  2.5361E-05  2.4955E-01  4.5369E-14  3.1414E-09  7.3094E-14
   9.3325E-13  1.0000E+00  7.5039E-01  3.3556E-05  2.5361E-05  2.4955E-01  4.5369E-14  3.1414E-09  7.3094E-14
   9.5280E-13  1.0000E+00  7.5039E-01  3.3556E-05  2.5361E-05  2.4955E-01  4.5369E-14  3.1414E-09  7.3094E-14
   9.7275E-13  1.0000E+00  7.5039E-01  3.3556E-05  2.5361E-05  2.4955E-01  4.5369E-14  3.1414E-09  7.3094E-14
   9.9312E-13  1.0000E+00  7.5039E-01  3.3556E-05  2.5361E-05  2.4955E-01  4.5369E-14  3.1414E-09  7.3094E-14
   1.0139E-12  1.0000E+00  7.5039E-01  3.3556E-05  2.5361E-05  2.4955E-01  4.5369E-14  3.1414E-09  7.3094E-14
   1.0351E-12  1.0000E+00  7.5039E-01  3.3556E-05  2.5361E-05  2.4955E-01  4.5369E-14  3.1414E-09  7.3094E-14
   1.0568E-12  1.0000E+00  7.5039E-01  3.3556E-05  2.5361E-05  2.4955E-01  4.5369E-14  3.1414E-09  7.3094E-14
   1.0789E-12  1.0000E+00  7.5039E-01  3.3556E-05  2.5361E-05  2.4955E-01  4.5369E-14  3.1414E-09  7.3094E-14
   1.1015E-12  1.0000E+00  7.5039E-01  3.3556E-05  2.5361E-05  2.4955E-01  4.5369E-14  3.1414E-09  7.3094E-14
   1.1246E-12  1.0000E+00  7.5039E-01  3.3556E-05  2.5361E-05  2.4955E-01  4.5369E-14  3.1414E-09  7.3094E-14
   1.1482E-12  1.0000E+00  7.5039E-01  3.3556E-05  2.5361E-05  2.4955E-01  4.5369E-14  3.1414E-09  7.3094E-14
   1.1722E-12  1.0000E+00  7.5039E-01  3.3556E-05  2.5361E-05  2.4955E-01  4.5369E-14  3.1414E-09  7.3094E-14
   1.1967E-12  1.0000E+00  7.5039E-01  3.3556E-05  2.5361E-05  2.4955E-01  4.5369E-14  3.1414E-09  7.3094E-14
   1.2218E-12  1.0000E+00  7.5039E-01  3.3556E-05  2.5361E-05  2.4955E-01  4.5369E-14  3.1414E-09  7.3094E-14
   1.2474E-12  1.0000E+00  7.5039E-01  3.3556E-05  2.5361E-05  2.4955E-01  4.5369E-14  3.1414E-09  7.3094E-14
   1.2735E-12  1.0000E+00  7.5039E-01  3.3556E-05  2.5361E-05  2.4955E-01  4.5369E-14  3.1414E-09  7.3094E-14
   1.3002E-12  1.0000E+00  7.5039E-01  3.3556E-05  2.5361E-05  2.4955E-01  4.5369E-14  3.1414E-09  7.3094E-14
   1.3274E-12  1.0000E+00  7.5039E-01  3.3556E-05  2.5361E-05  2.4955E-01  4.5369E-14  3.1414E-09  7.3094E-14
   1.3552E-12  1.0000E+00  7.5039E-01  3.3556E-05  2.5361E-05  2.4955E-01  4.5369E-14  3.1414E-09  7.3094E-14
   1.3836E-12  1.0000E+00  7.5039E-01  3.3556E-05  2.5361E-05  2.4955E-01  4.5369E-14  3.1414E-09  7.3094E-14
   1.4125E-12  1.0000E+00  7.5039E-01  3.3556E-05  2.5361E-05  2.4955E-01  4.5369E-14  3.1414E-09  7.3094E-14
   1.4421E-12  1.0000E+00  7.5039E-01  3.3556E-05  2.5361E-05  2.4955E-01  4.5369E-14  3.1414E-09  7.3094E-14
   1.4723E-12  1.0000E+00  7.5039E-01  3.3556E-05  2.5361E-05  2.4955E-01  4.5369E-14  3.1414E-09  7.3094E-14
   1.5031E-12  1.0000E+00  7.5039E-01  3.3556E-05  2.5361E-05  2.4955E-01  4.5369E-14  3.1414E-09  7.3094E-14
   1.5346E-12  1.0000E+00  7.5039E-01  3.3556E-05  2.5361E-05  2.4955E-01  4.5369E-14  3.1414E-09  7.3094E-14
   1.5668E-12  1.0000E+00  7.5039E-01  3.3556E-05  2.5361E-05  2.4955E-01  4.5369E-14  3.1414E-09  7.3094E-14
   1.5996E-12  1.0000E+00  7.5039E-01  3.3556E-05  2.5361E-05  2.4955E-01  4.5369E-14  3.1414E-09  7.3094E-14
   1.6331E-12  1.0000E+00  7.5039E-01  3.3556E-05  2.5361E-05  2.4955E-01  4.5369E-14  3.1414E-09  7.3094E-14
   1.6672E-12  1.0000E+00  7.5039E-01  3.3556E-05  2.5361E-05  2.4955E-01  4.5369E-14  3.1414E-09  7.3094E-14
   1.7022E-12  1.0000E+00  7.5039E-01  3.3556E-05  2.5361E-05  2.4955E-01  4.5369E-14  3.1414E-09  7.3094E-14
   1.7378E-12  1.0000E+00  7.5039E-01  3.3556E-05  2.5361E-05  2.4955E-01  4.5369E-14  3.1414E-09  7.3094E-14
   1.7742E-12  1.0000E+00  7.5039E-01  3.3556E-05  2.5361E-05  2.4955E-01  4.5369E-14  3.1414E-09  7.3094E-14
   1.8113E-12  1.0000E+00  7.5039E-01  3.3556E-05  2.5361E-05  2.4955E-01  4.5369E-14  3.1414E-09  7.3094E-14
   1.8493E-12  1.0000E+00  7.5039E-01  3.3556E-05  2.5361E-05  2.4955E-01  4.5369E-14  3.1414E-09  7.3094E-14
   1.8880E-12  1.0000E+00  7.5039E-01  3.3556E-05  2.5361E-05  2.4955E-01  4.5369E-14  3.1414E-09  7.3094E-14
   1.9275E-12  1.0000E+00  7.5039E-01  3.3556E-05  2.5361E-05  2.4955E-01  4.5369E-14  3.1414E-09  7.3094E-14
   1.9679E-12  1.0000E+00  7.5039E-01  3.3556E-05  2.5361E-05  2.4955E-01  4.5369E-14  3.1414E-09  7.3094E-14
   2.0091E-12  1.0000E+00  7.5039E-01  3.3556E-05  2.5361E-05  2.4955E-01  4.5369E-14  3.1414E-09  7.3094E-14
   2.0512E-12  1.0000E+00  7.5039E-01  3.3556E-05  2.5361E-05  2.4955E-01  4.5369E-14  3.1414E-09  7.3094E-14
   2.0941E-12  1.0000E+00  7.5039E-01  3.3556E-05  2.5361E-05  2.4955E-01  4.5369E-14  3.1414E-09  7.3094E-14
   2.1380E-12  1.0000E+00  7.5039E-01  3.3556E-05  2.5361E-05  2.4955E-01  4.5369E-14  3.1414E-09  7.3094E-14
   2.1827E-12  1.0000E+00  7.5039E-01  3.3556E-05  2.5361E-05  2.4955E-01  4.5369E-14  3.1414E-09  7.3094E-14
   2.2284E-12  1.0000E+00  7.5039E-01  3.3556E-05  2.5361E-05  2.4955E-01  4.5369E-14  3.1414E-09  7.3094E-14
   2.2751E-12  1.0000E+00  7.5039E-01  3.3556E-05  2.5361E-05  2.4955E-01  4.5369E-14  3.1414E-09  7.3094E-14
   2.3227E-12  1.0000E+00  7.5039E-01  3.3556E-05  2.5361E-05  2.4955E-01  4.5369E-14  3.1414E-09  7.3094E-14
   2.3714E-12  1.0000E+00  7.5039E-01  3.3556E-05  2.5361E-05  2.4955E-01  4.5369E-14  3.1414E-09  7.3094E-14
   2.4210E-12  1.0000E+00  7.5039E-01  3.3556E-05  2.5361E-05  2.4955E-01  4.5369E-14  3.1414E-09  7.3094E-14
   2.4717E-12  1.0000E+00  7.5039E-01  3.3556E-05  2.5361E-05  2.4955E-01  4.5369E-14  3.1414E-09  7.3094E-14
   2.5235E-12  1.0000E+00  7.5039E-01  3.3556E-05  2.5361E-05  2.4955E-01  4.5369E-14  3.1414E-09  7.3094E-14
   2.5763E-12  1.0000E+00  7.5039E-01  3.3556E-05  2.5361E-05  2.4955E-01  4.5369E-14  3.1414E-09  7.3094E-14
   2.6303E-12  1.0000E+00  7.5039E-01  3.3556E-05  2.5361E-05  2.4955E-01  4.5369E-14  3.1414E-09  7.3094E-14
   2.6853E-12  1.0000E+00  7.5039E-01  3.3557E-05  2.5361E-05  2.4955E-01  4.5366E-14  3.1413E-09  7.3093E-14
   2.7416E-12  1.0000E+00  7.5039E-01  3.3557E-05  2.5361E-05  2.4955E-01  4.5366E-14  3.1413E-09  7.3093E-14
   2.7990E-12  1.0000E+00  7.5039E-01  3.3557E-05  2.5361E-05  2.4955E-01  4.5366E-14  3.1413E-09  7.3093E-14
   2.8576E-12  1.0000E+00  7.5039E-01  3.3557E-05  2.5361E-05  2.4955E-01  4.5366E-14  3.1413E-09  7.3093E-14
   2.9174E-12  1.0000E+00  7.5039E-01  3.3557E-05  2.5361E-05  2.4955E-01  4.5366E-14  3.1413E-09  7.3093E-14
   2.9785E-12  1.0000E+00  7.5039E-01  3.3557E-05  2.5361E-05  2.4955E-01  4.5366E-14  3.1413E-09  7.3093E-14
   3.0409E-12  1.0000E+00  7.5039E-01  3.3557E-05  2.5361E-05  2.4955E-01  4.5366E-14  3.1413E-09  7.3093E-14
   3.1046E-12  1.0000E+00  7.5039E-01  3.3557E-05  2.5361E-05  2.4955E-01  4.5366E-14  3.1413E-09  7.3093E-14
   3.1696E-12  1.0000E+00  7.5039E-01  3.3557E-05  2.5361E-05  2.4955E-01  4.5366E-14  3.1413E-09  7.3093E-14
   3.2359E-12  1.0000E+00  7.5039E-01  3.3557E-05  2.5361E-05  2.4955E-01  4.5366E-14  3.1413E-09  7.3093E-14
   3.3037E-12  1.0000E+00  7.5039E-01  3.3557E-05  2.5361E-05  2.4955E-01  4.5366E-14  3.1413E-09  7.3093E-14
   3.3729E-12  1.0000E+00  7.5039E-01  3.3557E-05  2.5361E-05  2.4955E-01  4.5366E-14  3.1413E-09  7.3093E-14
   3.4435E-12  1.0000E+00  7.5039E-01  3.3557E-05  2.5361E-05  2.4955E-01  4.5366E-14  3.1413E-09  7.3093E-14
   3.5156E-12  1.0000E+00  7.5039E-01  3.3558E-05  2.5360E-05  2.4955E-01  4.5362E-14  3.1413E-09  7.3092E-14
   3.5892E-12  1.0000E+00  7.5039E-01  3.3558E-05  2.5360E-05  2.4955E-01  4.5362E-14  3.1413E-09  7.3092E-14
   3.6644E-12  1.0000E+00  7.5039E-01  3.3558E-05  2.5360E-05  2.4955E-01  4.5362E-14  3.1413E-09  7.3092E-14
   3.7411E-12  1.0000E+00  7.5039E-01  3.3558E-05  2.5360E-05  2.4955E-01  4.5362E-14  3.1413E-09  7.3092E-14
   3.8194E-12  1.0000E+00  7.5039E-01  3.3558E-05  2.5360E-05  2.4955E-01  4.5362E-14  3.1413E-09  7.3092E-14
   3.8994E-12  1.0000E+00  7.5039E-01  3.3558E-05  2.5360E-05  2.4955E-01  4.5362E-14  3.1413E-09  7.3092E-14
   3.9811E-12  1.0000E+00  7.5039E-01  3.3558E-05  2.5360E-05  2.4955E-01  4.5362E-14  3.1413E-09  7.3092E-14
   4.0644E-12  1.0000E+00  7.5039E-01  3.3558E-05  2.5360E-05  2.4955E-01  4.5362E-14  3.1413E-09  7.3092E-14
   4.1495E-12  1.0000E+00  7.5039E-01  3.3558E-05  2.5360E-05  2.4955E-01  4.5362E-14  3.1413E-09  7.3092E-14
   4.2364E-12  1.0000E+00  7.5039E-01  3.3558E-05  2.5360E-05  2.4955E-01  4.5362E-14  3.1413E-09  7.3092E-14
   4.3251E-12  9.9999E-01  7.5039E-01  3.3559E-05  2.5360E-05  2.4955E-01  4.5360E-14  3.1413E-09  7.3091E-14
   4.4157E-12  9.9999E-01  7.5039E-01  3.3559E-05  2.5360E-05  2.4955E-01  4.5360E-14  3.1413E-09  7.3091E-14
   4.5082E-12  9.9999E-01  7.5039E-01  3.3559E-05  2.5360E-05  2.4955E-01  4.5360E-14  3.1413E-09  7.3091E-14
   4.6026E-12  9.9999E-01  7.5039E-01  3.3560E-05  2.5360E-05  2.4955E-01  4.5358E-14  3.1413E-09  7.3090E-14
   4.6989E-12  9.9999E-01  7.5039E-01  3.3560E-05  2.5360E-05  2.4955E-01  4.5358E-14  3.1413E-09  7.3090E-14
   4.7973E-12  9.9999E-01  7.5039E-01  3.3559E-05  2.5360E-05  2.4955E-01  4.5360E-14  3.1413E-09  7.3091E-14
   4.8978E-12  9.9999E-01  7.5039E-01  3.3559E-05  2.5360E-05  2.4955E-01  4.5360E-14  3.1413E-09  7.3091E-14
   5.0003E-12  9.9999E-01  7.5039E-01  3.3559E-05  2.5360E-05  2.4955E-01  4.5360E-14  3.1413E-09  7.3091E-14
   5.1050E-12  9.9999E-01  7.5039E-01  3.3559E-05  2.5360E-05  2.4955E-01  4.5360E-14  3.1413E-09  7.3091E-14
   5.2119E-12  9.9999E-01  7.5039E-01  3.3559E-05  2.5360E-05  2.4955E-01  4.5359E-14  3.1413E-09  7.3091E-14
   5.3211E-12  9.9999E-01  7.5039E-01  3.3559E-05  2.5360E-05  2.4955E-01  4.5360E-14  3.1413E-09  7.3091E-14
   5.4325E-12  9.9999E-01  7.5039E-01  3.3560E-05  2.5360E-05  2.4955E-01  4.5358E-14  3.1413E-09  7.3090E-14
   5.5463E-12  9.9999E-01  7.5039E-01  3.3560E-05  2.5360E-05  2.4955E-01  4.5356E-14  3.1413E-09  7.3090E-14
   5.6624E-12  9.9999E-01  7.5039E-01  3.3559E-05  2.5360E-05  2.4955E-01  4.5359E-14  3.1413E-09  7.3091E-14
   5.7810E-12  9.9999E-01  7.5039E-01  3.3560E-05  2.5360E-05  2.4955E-01  4.5358E-14  3.1413E-09  7.3090E-14
   5.9020E-12  9.9999E-01  7.5039E-01  3.3560E-05  2.5360E-05  2.4955E-01  4.5358E-14  3.1413E-09  7.3090E-14
   6.0256E-12  9.9999E-01  7.5039E-01  3.3560E-05  2.5360E-05  2.4955E-01  4.5358E-14  3.1413E-09  7.3090E-14
   6.1518E-12  9.9999E-01  7.5039E-01  3.3560E-05  2.5360E-05  2.4955E-01  4.5357E-14  3.1413E-09  7.3090E-14
   6.2806E-12  9.9999E-01  7.5039E-01  3.3560E-05  2.5360E-05  2.4955E-01  4.5356E-14  3.1413E-09  7.3090E-14
   6.4121E-12  9.9999E-01  7.5039E-01  3.3561E-05  2.5360E-05  2.4955E-01  4.5355E-14  3.1413E-09  7.3089E-14
   6.5464E-12  9.9998E-01  7.5039E-01  3.3561E-05  2.5359E-05  2.4955E-01  4.5353E-14  3.1412E-09  7.3089E-14
   6.6834E-12  9.9998E-01  7.5039E-01  3.3560E-05  2.5360E-05  2.4955E-01  4.5356E-14  3.1413E-09  7.3090E-14
   6.8234E-12  9.9998E-01  7.5039E-01  3.3561E-05  2.5360E-05  2.4955E-01  4.5355E-14  3.1413E-09  7.3089E-14
   6.9663E-12  9.9998E-01  7.5039E-01  3.3561E-05  2.5359E-05  2.4955E-01  4.5354E-14  3.1412E-09  7.3089E-14
   7.1121E-12  9.9998E-01  7.5039E-01  3.3562E-05  2.5359E-05  2.4955E-01  4.5352E-14  3.1412E-09  7.3088E-14
   7.2611E-12  9.9998E-01  7.5039E-01  3.3562E-05  2.5359E-05  2.4955E-01  4.5351E-14  3.1412E-09  7.3088E-14
   7.4131E-12  9.9998E-01  7.5039E-01  3.3562E-05  2.5359E-05  2.4955E-01  4.5352E-14  3.1412E-09  7.3088E-14
   7.5683E-12  9.9998E-01  7.5039E-01  3.3562E-05  2.5359E-05  2.4955E-01  4.5350E-14  3.1412E-09  7.3088E-14
   7.7268E-12  9.9998E-01  7.5039E-01  3.3562E-05  2.5359E-05  2.4955E-01  4.5352E-14  3.1412E-09  7.3089E-14
   7.8886E-12  9.9998E-01  7.5039E-01  3.3562E-05  2.5359E-05  2.4955E-01  4.5351E-14  3.1412E-09  7.3088E-14
   8.0538E-12  9.9998E-01  7.5039E-01  3.3562E-05  2.5359E-05  2.4955E-01  4.5351E-14  3.1412E-09  7.3088E-14
   8.2224E-12  9.9998E-01  7.5039E-01  3.3562E-05  2.5359E-05  2.4955E-01  4.5350E-14  3.1412E-09  7.3088E-14
   8.3946E-12  9.9997E-01  7.5039E-01  3.3563E-05  2.5359E-05  2.4955E-01  4.5349E-14  3.1412E-09  7.3087E-14
   8.5704E-12  9.9997E-01  7.5039E-01  3.3563E-05  2.5359E-05  2.4955E-01  4.5347E-14  3.1412E-09  7.3087E-14
   8.7498E-12  9.9997E-01  7.5039E-01  3.3563E-05  2.5359E-05  2.4955E-01  4.5346E-14  3.1412E-09  7.3087E-14
   8.9331E-12  9.9997E-01  7.5039E-01  3.3563E-05  2.5359E-05  2.4955E-01  4.5348E-14  3.1412E-09  7.3087E-14
   9.1201E-12  9.9997E-01  7.5039E-01  3.3564E-05  2.5358E-05  2.4955E-01  4.5344E-14  3.1412E-09  7.3086E-14
   9.3111E-12  9.9997E-01  7.5039E-01  3.3564E-05  2.5359E-05  2.4955E-01  4.5346E-14  3.1412E-09  7.3087E-14
   9.5060E-12  9.9997E-01  7.5039E-01  3.3565E-05  2.5358E-05  2.4955E-01  4.5343E-14  3.1412E-09  7.3086E-14
   9.7051E-12  9.9997E-01  7.5039E-01  3.3564E-05  2.5358E-05  2.4955E-01  4.5344E-14  3.1412E-09  7.3086E-14
   9.9083E-12  9.9997E-01  7.5039E-01  3.3565E-05  2.5358E-05  2.4955E-01  4.5340E-14  3.1411E-09  7.3085E-14
   1.0116E-11  9.9996E-01  7.5039E-01  3.3565E-05  2.5358E-05  2.4955E-01  4.5343E-14  3.1412E-09  7.3086E-14
   1.0328E-11  9.9996E-01  7.5039E-01  3.3566E-05  2.5358E-05  2.4955E-01  4.5339E-14  3.1411E-09  7.3084E-14
   1.0544E-11  9.9996E-01  7.5039E-01  3.3565E-05  2.5358E-05  2.4955E-01  4.5341E-14  3.1411E-09  7.3085E-14
   1.0765E-11  9.9996E-01  7.5039E-01  3.3566E-05  2.5358E-05  2.4955E-01  4.5338E-14  3.1411E-09  7.3084E-14
   1.0990E-11  9.9996E-01  7.5039E-01  3.3566E-05  2.5358E-05  2.4955E-01  4.5339E-14  3.1411E-09  7.3084E-14
   1.1220E-11  9.9996E-01  7.5039E-01  3.3566E-05  2.5357E-05  2.4955E-01  4.5337E-14  3.1411E-09  7.3084E-14
   1.1455E-11  9.9995E-01  7.5039E-01  3.3568E-05  2.5357E-05  2.4955E-01  4.5333E-14  3.1411E-09  7.3083E-14
   1.1695E-11  9.9995E-01  7.5039E-01  3.3568E-05  2.5357E-05  2.4955E-01  4.5332E-14  3.1411E-09  7.3082E-14
   1.1940E-11  9.9995E-01  7.5039E-01  3.3569E-05  2.5357E-05  2.4955E-01  4.5331E-14  3.1411E-09  7.3082E-14
   1.2190E-11  9.9995E-01  7.5039E-01  3.3568E-05  2.5357E-05  2.4955E-01  4.5332E-14  3.1411E-09  7.3082E-14
   1.2445E-11  9.9994E-01  7.5039E-01  3.3568E-05  2.5357E-05  2.4955E-01  4.5331E-14  3.1411E-09  7.3082E-14
   1.2706E-11  9.9994E-01  7.5039E-01  3.3569E-05  2.5356E-05  2.4955E-01  4.5329E-14  3.1411E-09  7.3081E-14
   1.2972E-11  9.9994E-01  7.5039E-01  3.3569E-05  2.5356E-05  2.4955E-01  4.5329E-14  3.1411E-09  7.3081E-14
   1.3243E-11  9.9994E-01  7.5039E-01  3.3571E-05  2.5356E-05  2.4955E-01  4.5324E-14  3.1410E-09  7.3080E-14
   1.3521E-11  9.9993E-01  7.5039E-01  3.3571E-05  2.5356E-05  2.4955E-01  4.5322E-14  3.1410E-09  7.3079E-14
   1.3804E-11  9.9993E-01  7.5039E-01  3.3571E-05  2.5356E-05  2.4955E-01  4.5324E-14  3.1410E-09  7.3080E-14
   1.4093E-11  9.9993E-01  7.5039E-01  3.3572E-05  2.5355E-05  2.4955E-01  4.5319E-14  3.1410E-09  7.3078E-14
   1.4388E-11  9.9993E-01  7.5039E-01  3.3572E-05  2.5355E-05  2.4955E-01  4.5319E-14  3.1410E-09  7.3078E-14
   1.4689E-11  9.9992E-01  7.5039E-01  3.3573E-05  2.5355E-05  2.4955E-01  4.5317E-14  3.1410E-09  7.3078E-14
   1.4997E-11  9.9992E-01  7.5039E-01  3.3573E-05  2.5355E-05  2.4955E-01  4.5316E-14  3.1410E-09  7.3077E-14
   1.5311E-11  9.9992E-01  7.5039E-01  3.3574E-05  2.5355E-05  2.4955E-01  4.5314E-14  3.1410E-09  7.3077E-14
   1.5631E-11  9.9991E-01  7.5039E-01  3.3575E-05  2.5354E-05  2.4955E-01  4.5311E-14  3.1409E-09  7.3076E-14
   1.5959E-11  9.9991E-01  7.5039E-01  3.3575E-05  2.5354E-05  2.4955E-01  4.5310E-14  3.1409E-09  7.3075E-14
   1.6293E-11  9.9991E-01  7.5039E-01  3.3577E-05  2.5354E-05  2.4955E-01  4.5305E-14  3.1409E-09  7.3074E-14
   1.6634E-11  9.9990E-01  7.5039E-01  3.3577E-05  2.5354E-05  2.4955E-01  4.5305E-14  3.1409E-09  7.3074E-14
   1.6982E-11  9.9990E-01  7.5039E-01  3.3578E-05  2.5353E-05  2.4955E-01  4.5303E-14  3.1409E-09  7.3073E-14
   1.7338E-11  9.9989E-01  7.5039E-01  3.3578E-05  2.5353E-05  2.4955E-01  4.5301E-14  3.1409E-09  7.3072E-14
   1.7701E-11  9.9989E-01  7.5039E-01  3.3579E-05  2.5353E-05  2.4955E-01  4.5299E-14  3.1408E-09  7.3072E-14
   1.8072E-11  9.9988E-01  7.5039E-01  3.3580E-05  2.5352E-05  2.4955E-01  4.5295E-14  3.1408E-09  7.3071E-14
   1.8450E-11  9.9988E-01  7.5039E-01  3.3581E-05  2.5352E-05  2.4955E-01  4.5293E-14  3.1408E-09  7.3070E-14
   1.8836E-11  9.9987E-01  7.5039E-01  3.3582E-05  2.5352E-05  2.4955E-01  4.5290E-14  3.1408E-09  7.3069E-14
   1.9231E-11  9.9987E-01  7.5039E-01  3.3583E-05  2.5352E-05  2.4955E-01  4.5287E-14  3.1408E-09  7.3068E-14
   1.9634E-11  9.9986E-01  7.5039E-01  3.3585E-05  2.5351E-05  2.4955E-01  4.5281E-14  3.1407E-09  7.3067E-14
   2.0045E-11  9.9986E-01  7.5039E-01  3.3585E-05  2.5351E-05  2.4955E-01  4.5281E-14  3.1407E-09  7.3066E-14
   2.0464E-11  9.9985E-01  7.5039E-01  3.3587E-05  2.5350E-05  2.4955E-01  4.5276E-14  3.1407E-09  7.3065E-14
   2.0893E-11  9.9984E-01  7.5039E-01  3.3587E-05  2.5350E-05  2.4955E-01  4.5274E-14  3.1407E-09  7.3064E-14
   2.1330E-11  9.9984E-01  7.5039E-01  3.3589E-05  2.5349E-05  2.4955E-01  4.5269E-14  3.1406E-09  7.3063E-14
   2.1777E-11  9.9983E-01  7.5039E-01  3.3589E-05  2.5349E-05  2.4955E-01  4.5267E-14  3.1406E-09  7.3062E-14
   2.2233E-11  9.9982E-01  7.5039E-01  3.3592E-05  2.5348E-05  2.4955E-01  4.5260E-14  3.1406E-09  7.3060E-14
   2.2699E-11  9.9982E-01  7.5039E-01  3.3602E-05  2.5344E-05  2.4955E-01  4.5226E-14  3.1403E-09  7.3050E-14
   2.3174E-11  9.9981E-01  7.5039E-01  3.3612E-05  2.5341E-05  2.4955E-01  4.5197E-14  3.1401E-09  7.3041E-14
   2.3659E-11  9.9980E-01  7.5039E-01  3.3622E-05  2.5337E-05  2.4955E-01  4.5164E-14  3.1399E-09  7.3031E-14
   2.4155E-11  9.9979E-01  7.5039E-01  3.3633E-05  2.5333E-05  2.4955E-01  4.5129E-14  3.1396E-09  7.3021E-14
   2.4660E-11  9.9978E-01  7.5039E-01  3.3644E-05  2.5329E-05  2.4955E-01  4.5095E-14  3.1394E-09  7.3011E-14
   2.5177E-11  9.9977E-01  7.5039E-01  3.3656E-05  2.5325E-05  2.4955E-01  4.5058E-14  3.1392E-09  7.3000E-14
   2.5704E-11  9.9976E-01  7.5039E-01  3.3668E-05  2.5320E-05  2.4955E-01  4.5019E-14  3.1389E-09  7.2988E-14
   2.6242E-11  9.9975E-01  7.5039E-01  3.3679E-05  2.5316E-05  2.4955E-01  4.4981E-14  3.1386E-09  7.2977E-14
   2.6792E-11  9.9974E-01  7.5039E-01  3.3692E-05  2.5311E-05  2.4955E-01  4.4939E-14  3.1383E-09  7.2965E-14
   2.7353E-11  9.9973E-01  7.5039E-01  3.3706E-05  2.5306E-05  2.4955E-01  4.4896E-14  3.1381E-09  7.2953E-14
   2.7925E-11  9.9972E-01  7.5039E-01  3.3718E-05  2.5302E-05  2.4955E-01  4.4855E-14  3.1378E-09  7.2941E-14
   2.8510E-11  9.9971E-01  7.5039E-01  3.3733E-05  2.5297E-05  2.4955E-01  4.4807E-14  3.1375E-09  7.2927E-14
   2.9107E-11  9.9970E-01  7.5040E-01  3.3746E-05  2.5292E-05  2.4955E-01  4.4763E-14  3.1372E-09  7.2915E-14
   2.9717E-11  9.9969E-01  7.5040E-01  3.3761E-05  2.5286E-05  2.4955E-01  4.4715E-14  3.1369E-09  7.2902E-14
   3.0339E-11  9.9967E-01  7.5040E-01  3.3775E-05  2.5281E-05  2.4955E-01  4.4666E-14  3.1365E-09  7.2888E-14
   3.0974E-11  9.9966E-01  7.5040E-01  3.3792E-05  2.5275E-05  2.4955E-01  4.4611E-14  3.1362E-09  7.2873E-14
   3.1623E-11  9.9964E-01  7.5040E-01  3.3806E-05  2.5270E-05  2.4954E-01  4.4561E-14  3.1359E-09  7.2859E-14
   3.2285E-11  9.9963E-01  7.5040E-01  3.3823E-05  2.5264E-05  2.4954E-01  4.4504E-14  3.1355E-09  7.2844E-14
   3.2961E-11  9.9961E-01  7.5040E-01  3.3839E-05  2.5258E-05  2.4954E-01  4.4448E-14  3.1352E-09  7.2829E-14
   3.3651E-11  9.9960E-01  7.5040E-01  3.3856E-05  2.5251E-05  2.4954E-01  4.4389E-14  3.1348E-09  7.2813E-14
   3.4356E-11  9.9958E-01  7.5040E-01  3.3874E-05  2.5245E-05  2.4954E-01  4.4326E-14  3.1344E-09  7.2796E-14
   3.5075E-11  9.9956E-01  7.5040E-01  3.3891E-05  2.5239E-05  2.4954E-01  4.4263E-14  3.1340E-09  7.2779E-14
   3.5810E-11  9.9954E-01  7.5040E-01  3.3909E-05  2.5233E-05  2.4954E-01  4.4200E-14  3.1336E-09  7.2761E-14
   3.6559E-11  9.9952E-01  7.5040E-01  3.3927E-05  2.5228E-05  2.4954E-01  4.4137E-14  3.1332E-09  7.2743E-14
   3.7325E-11  9.9950E-01  7.5040E-01  3.3946E-05  2.5222E-05  2.4954E-01  4.4073E-14  3.1327E-09  7.2725E-14
   3.8107E-11  9.9948E-01  7.5040E-01  3.3964E-05  2.5216E-05  2.4954E-01  4.4010E-14  3.1323E-09  7.2706E-14
   3.8905E-11  9.9946E-01  7.5040E-01  3.3984E-05  2.5210E-05  2.4954E-01  4.3945E-14  3.1318E-09  7.2686E-14
   3.9719E-11  9.9944E-01  7.5040E-01  3.4002E-05  2.5204E-05  2.4954E-01  4.3885E-14  3.1314E-09  7.2667E-14
   4.0551E-11  9.9941E-01  7.5040E-01  3.4022E-05  2.5198E-05  2.4954E-01  4.3822E-14  3.1309E-09  7.2647E-14
   4.1400E-11  9.9939E-01  7.5040E-01  3.4028E-05  2.5196E-05  2.4954E-01  4.3802E-14  3.1307E-09  7.2640E-14
   4.2267E-11  9.9936E-01  7.5040E-01  3.4031E-05  2.5196E-05  2.4954E-01  4.3793E-14  3.1307E-09  7.2637E-14
   4.3152E-11  9.9934E-01  7.5040E-01  3.4022E-05  2.5198E-05  2.4954E-01  4.3822E-14  3.1309E-09  7.2647E-14
   4.4055E-11  9.9931E-01  7.5040E-01  3.4012E-05  2.5201E-05  2.4954E-01  4.3853E-14  3.1311E-09  7.2657E-14
   4.4978E-11  9.9928E-01  7.5040E-01  3.4002E-05  2.5204E-05  2.4954E-01  4.3885E-14  3.1314E-09  7.2667E-14
   4.5920E-11  9.9925E-01  7.5040E-01  3.3993E-05  2.5207E-05  2.4954E-01  4.3917E-14  3.1316E-09  7.2677E-14
   4.6881E-11  9.9922E-01  7.5040E-01  3.3983E-05  2.5210E-05  2.4954E-01  4.3950E-14  3.1318E-09  7.2687E-14
   4.7863E-11  9.9918E-01  7.5040E-01  3.3972E-05  2.5213E-05  2.4954E-01  4.3983E-14  3.1321E-09  7.2697E-14
   4.8865E-11  9.9915E-01  7.5040E-01  3.3962E-05  2.5217E-05  2.4954E-01  4.4018E-14  3.1323E-09  7.2708E-14
   4.9888E-11  9.9911E-01  7.5040E-01  3.3952E-05  2.5220E-05  2.4954E-01  4.4052E-14  3.1326E-09  7.2718E-14
   5.0933E-11  9.9908E-01  7.5040E-01  3.3941E-05  2.5223E-05  2.4954E-01  4.4092E-14  3.1328E-09  7.2729E-14
   5.2000E-11  9.9904E-01  7.5040E-01  3.3927E-05  2.5228E-05  2.4954E-01  4.4139E-14  3.1331E-09  7.2743E-14
   5.3088E-11  9.9900E-01  7.5040E-01  3.3911E-05  2.5233E-05  2.4954E-01  4.4197E-14  3.1335E-09  7.2759E-14
   5.4200E-11  9.9895E-01  7.5040E-01  3.3896E-05  2.5238E-05  2.4954E-01  4.4247E-14  3.1338E-09  7.2773E-14
   5.5335E-11  9.9891E-01  7.5040E-01  3.3891E-05  2.5240E-05  2.4955E-01  4.4268E-14  3.1340E-09  7.2779E-14
   5.6494E-11  9.9886E-01  7.5040E-01  3.3883E-05  2.5242E-05  2.4955E-01  4.4296E-14  3.1342E-09  7.2786E-14
   5.7677E-11  9.9882E-01  7.5040E-01  3.3876E-05  2.5245E-05  2.4955E-01  4.4321E-14  3.1343E-09  7.2793E-14
   5.8884E-11  9.9877E-01  7.5040E-01  3.3868E-05  2.5248E-05  2.4955E-01  4.4349E-14  3.1345E-09  7.2800E-14
   6.0117E-11  9.9871E-01  7.5039E-01  3.3860E-05  2.5250E-05  2.4955E-01  4.4376E-14  3.1347E-09  7.2808E-14
   6.1376E-11  9.9866E-01  7.5039E-01  3.3852E-05  2.5253E-05  2.4955E-01  4.4405E-14  3.1348E-09  7.2815E-14
   6.2661E-11  9.9860E-01  7.5039E-01  3.3844E-05  2.5256E-05  2.4955E-01  4.4434E-14  3.1350E-09  7.2823E-14
   6.3973E-11  9.9854E-01  7.5039E-01  3.3835E-05  2.5259E-05  2.4955E-01  4.4465E-14  3.1352E-09  7.2831E-14
   6.5313E-11  9.9848E-01  7.5039E-01  3.3826E-05  2.5263E-05  2.4955E-01  4.4497E-14  3.1354E-09  7.2839E-14
   6.6681E-11  9.9842E-01  7.5039E-01  3.3817E-05  2.5266E-05  2.4955E-01  4.4528E-14  3.1356E-09  7.2848E-14
   6.8077E-11  9.9835E-01  7.5039E-01  3.3812E-05  2.5268E-05  2.4955E-01  4.4546E-14  3.1357E-09  7.2852E-14
   6.9502E-11  9.9828E-01  7.5039E-01  3.3810E-05  2.5269E-05  2.4955E-01  4.4554E-14  3.1357E-09  7.2854E-14
   7.0958E-11  9.9821E-01  7.5039E-01  3.3806E-05  2.5270E-05  2.4955E-01  4.4565E-14  3.1358E-09  7.2857E-14
   7.2444E-11  9.9813E-01  7.5039E-01  3.3804E-05  2.5271E-05  2.4955E-01  4.4573E-14  3.1359E-09  7.2859E-14
   7.3961E-11  9.9805E-01  7.5039E-01  3.3802E-05  2.5272E-05  2.4955E-01  4.4582E-14  3.1359E-09  7.2861E-14
   7.5509E-11  9.9797E-01  7.5039E-01  3.3799E-05  2.5273E-05  2.4955E-01  4.4592E-14  3.1360E-09  7.2864E-14
   7.7090E-11  9.9788E-01  7.5039E-01  3.3797E-05  2.5273E-05  2.4955E-01  4.4597E-14  3.1360E-09  7.2865E-14
   7.8705E-11  9.9779E-01  7.5039E-01  3.3794E-05  2.5275E-05  2.4955E-01  4.4610E-14  3.1361E-09  7.2868E-14
   8.0353E-11  9.9770E-01  7.5039E-01  3.3790E-05  2.5276E-05  2.4955E-01  4.4622E-14  3.1361E-09  7.2872E-14
   8.2035E-11  9.9760E-01  7.5039E-01  3.3787E-05  2.5277E-05  2.4955E-01  4.4634E-14  3.1362E-09  7.2875E-14
   8.3753E-11  9.9750E-01  7.5039E-01  3.3791E-05  2.5276E-05  2.4955E-01  4.4619E-14  3.1361E-09  7.2870E-14
   8.5507E-11  9.9740E-01  7.5039E-01  3.3797E-05  2.5274E-05  2.4955E-01  4.4601E-14  3.1360E-09  7.2865E-14
   8.7297E-11  9.9729E-01  7.5039E-01  3.3803E-05  2.5271E-05  2.4955E-01  4.4578E-14  3.1358E-09  7.2859E-14
   8.9125E-11  9.9717E-01  7.5039E-01  3.3809E-05  2.5269E-05  2.4955E-01  4.4558E-14  3.1357E-09  7.2853E-14
   9.0991E-11  9.9705E-01  7.5039E-01  3.3816E-05  2.5267E-05  2.4955E-01  4.4535E-14  3.1355E-09  7.2847E-14
   9.2897E-11  9.9693E-01  7.5039E-01  3.3821E-05  2.5265E-05  2.4955E-01  4.4518E-14  3.1354E-09  7.2842E-14
   9.4842E-11  9.9680E-01  7.5039E-01  3.3827E-05  2.5263E-05  2.4955E-01  4.4498E-14  3.1353E-09  7.2836E-14
   9.6828E-11  9.9666E-01  7.5039E-01  3.3834E-05  2.5260E-05  2.4955E-01  4.4475E-14  3.1351E-09  7.2829E-14
   9.8855E-11  9.9652E-01  7.5039E-01  3.3842E-05  2.5257E-05  2.4955E-01  4.4449E-14  3.1350E-09  7.2822E-14
   1.0093E-10  9.9637E-01  7.5039E-01  3.3841E-05  2.5258E-05  2.4955E-01  4.4454E-14  3.1350E-09  7.2823E-14
   1.0304E-10  9.9622E-01  7.5039E-01  3.3842E-05  2.5258E-05  2.4955E-01  4.4450E-14  3.1350E-09  7.2822E-14
   1.0520E-10  9.9606E-01  7.5039E-01  3.3844E-05  2.5257E-05  2.4955E-01  4.4444E-14  3.1349E-09  7.2820E-14
   1.0740E-10  9.9589E-01  7.5039E-01  3.3841E-05  2.5258E-05  2.4955E-01  4.4455E-14  3.1350E-09  7.2823E-14
   1.0965E-10  9.9572E-01  7.5042E-01  3.5503E-05  2.4871E-05  2.4952E-01  4.1891E-14  3.0889E-09  7.0886E-14
   1.1194E-10  9.9554E-01  7.5042E-01  3.5472E-05  2.4877E-05  2.4952E-01  4.1899E-14  3.0898E-09  7.0926E-14
   1.1429E-10  9.9535E-01  7.5041E-01  3.5330E-05  2.4901E-05  2.4953E-01  4.1930E-14  3.0942E-09  7.1105E-14
   1.1668E-10  9.9515E-01  7.5039E-01  3.3842E-05  2.5258E-05  2.4955E-01  4.4453E-14  3.1349E-09  7.2820E-14
   1.1912E-10  9.9495E-01  7.5039E-01  3.3841E-05  2.5258E-05  2.4955E-01  4.4455E-14  3.1349E-09  7.2820E-14
   1.2162E-10  9.9473E-01  7.5039E-01  3.3830E-05  2.5262E-05  2.4955E-01  4.4496E-14  3.1352E-09  7.2831E-14
   1.2417E-10  9.9451E-01  7.5039E-01  3.3804E-05  2.5272E-05  2.4955E-01  4.4586E-14  3.1357E-09  7.2855E-14
   1.2677E-10  9.9428E-01  7.5039E-01  3.3793E-05  2.5276E-05  2.4955E-01  4.4622E-14  3.1359E-09  7.2864E-14
   1.2942E-10  9.9404E-01  7.5039E-01  3.3843E-05  2.5258E-05  2.4955E-01  4.4454E-14  3.1349E-09  7.2818E-14
   1.3213E-10  9.9378E-01  7.5039E-01  3.3977E-05  2.5213E-05  2.4955E-01  4.3984E-14  3.1317E-09  7.2685E-14
   1.3490E-10  9.9352E-01  7.5039E-01  3.3940E-05  2.5225E-05  2.4955E-01  4.4112E-14  3.1326E-09  7.2723E-14
   1.3772E-10  9.9325E-01  7.5037E-01  3.3084E-05  2.5536E-05  2.4957E-01  4.6694E-14  3.1517E-09  7.3539E-14
   1.4060E-10  9.9296E-01  7.5038E-01  3.3300E-05  2.5457E-05  2.4956E-01  4.6132E-14  3.1468E-09  7.3329E-14
   1.4355E-10  9.9266E-01  7.5038E-01  3.3531E-05  2.5372E-05  2.4956E-01  4.5466E-14  3.1416E-09  7.3107E-14
   1.4655E-10  9.9235E-01  7.5038E-01  3.3780E-05  2.5281E-05  2.4956E-01  4.4674E-14  3.1361E-09  7.2874E-14
   1.4962E-10  9.9203E-01  7.5039E-01  3.4002E-05  2.5206E-05  2.4956E-01  4.3909E-14  3.1311E-09  7.2658E-14
   1.5276E-10  9.9169E-01  7.5038E-01  3.3806E-05  2.5272E-05  2.4956E-01  4.4587E-14  3.1355E-09  7.2849E-14
   1.5596E-10  9.9134E-01  7.5038E-01  3.3821E-05  2.5267E-05  2.4956E-01  4.4538E-14  3.1352E-09  7.2835E-14
   1.5922E-10  9.9097E-01  7.5038E-01  3.3846E-05  2.5258E-05  2.4956E-01  4.4452E-14  3.1347E-09  7.2811E-14
   1.6255E-10  9.9059E-01  7.5038E-01  3.3844E-05  2.5258E-05  2.4956E-01  4.4462E-14  3.1347E-09  7.2813E-14
   1.6596E-10  9.9019E-01  7.5038E-01  3.3967E-05  2.5217E-05  2.4956E-01  4.4031E-14  3.1318E-09  7.2691E-14
   1.6943E-10  9.8978E-01  7.5038E-01  3.4093E-05  2.5180E-05  2.4956E-01  4.3632E-14  3.1288E-09  7.2559E-14
   1.7298E-10  9.8934E-01  7.5038E-01  3.4179E-05  2.5156E-05  2.4956E-01  4.3393E-14  3.1266E-09  7.2466E-14
   1.7660E-10  9.8889E-01  7.5038E-01  3.4210E-05  2.5148E-05  2.4956E-01  4.3315E-14  3.1258E-09  7.2432E-14
   1.8030E-10  9.8842E-01  7.5038E-01  3.4340E-05  2.5114E-05  2.4956E-01  4.3013E-14  3.1223E-09  7.2287E-14
   1.8408E-10  9.8793E-01  7.5038E-01  3.4414E-05  2.5095E-05  2.4956E-01  4.2861E-14  3.1203E-09  7.2202E-14
   1.8793E-10  9.8742E-01  7.5038E-01  3.4358E-05  2.5109E-05  2.4956E-01  4.2976E-14  3.1218E-09  7.2265E-14
   1.9187E-10  9.8689E-01  7.5038E-01  3.4367E-05  2.5107E-05  2.4956E-01  4.2960E-14  3.1216E-09  7.2254E-14
   1.9588E-10  9.8634E-01  7.5038E-01  3.4303E-05  2.5123E-05  2.4956E-01  4.3098E-14  3.1232E-09  7.2325E-14
   1.9999E-10  9.8576E-01  7.5038E-01  3.4157E-05  2.5163E-05  2.4956E-01  4.3463E-14  3.1270E-09  7.2486E-14
   2.0417E-10  9.8516E-01  7.5037E-01  3.3923E-05  2.5233E-05  2.4957E-01  4.4201E-14  3.1327E-09  7.2729E-14
   2.0845E-10  9.8453E-01  7.5037E-01  3.3849E-05  2.5258E-05  2.4957E-01  4.4462E-14  3.1343E-09  7.2799E-14
   2.1281E-10  9.8387E-01  7.5036E-01  3.3596E-05  2.5351E-05  2.4958E-01  4.5295E-14  3.1398E-09  7.3034E-14
   2.1727E-10  9.8319E-01  7.5036E-01  3.3466E-05  2.5399E-05  2.4958E-01  4.5692E-14  3.1427E-09  7.3157E-14
   2.2182E-10  9.8248E-01  7.5036E-01  3.3385E-05  2.5429E-05  2.4958E-01  4.5926E-14  3.1444E-09  7.3233E-14
   2.2646E-10  9.8174E-01  7.5036E-01  3.3273E-05  2.5470E-05  2.4958E-01  4.6237E-14  3.1469E-09  7.3340E-14
   2.3121E-10  9.8097E-01  7.5037E-01  3.4059E-05  2.5192E-05  2.4957E-01  4.3763E-14  3.1292E-09  7.2584E-14
   2.3605E-10  9.8016E-01  7.5037E-01  3.4249E-05  2.5139E-05  2.4957E-01  4.3242E-14  3.1244E-09  7.2378E-14
   2.4099E-10  9.7932E-01  7.5037E-01  3.4338E-05  2.5116E-05  2.4957E-01  4.3039E-14  3.1220E-09  7.2278E-14
   2.4604E-10  9.7845E-01  7.5037E-01  3.4359E-05  2.5111E-05  2.4957E-01  4.3000E-14  3.1215E-09  7.2253E-14
   2.5119E-10  9.7753E-01  7.5037E-01  3.4509E-05  2.5075E-05  2.4957E-01  4.2719E-14  3.1174E-09  7.2081E-14
   2.5645E-10  9.7658E-01  7.5037E-01  3.4747E-05  2.5021E-05  2.4957E-01  4.2381E-14  3.1107E-09  7.1798E-14
   2.6182E-10  9.7559E-01  7.5035E-01  3.3761E-05  2.5294E-05  2.4959E-01  4.4794E-14  3.1358E-09  7.2869E-14
   2.6730E-10  9.7456E-01  7.5035E-01  3.4118E-05  2.5176E-05  2.4959E-01  4.3606E-14  3.1275E-09  7.2513E-14
   2.7290E-10  9.7349E-01  7.5035E-01  3.4050E-05  2.5197E-05  2.4959E-01  4.3817E-14  3.1292E-09  7.2584E-14
   2.7861E-10  9.7236E-01  7.5035E-01  3.4378E-05  2.5108E-05  2.4959E-01  4.2976E-14  3.1207E-09  7.2224E-14
   2.8445E-10  9.7119E-01  7.5035E-01  3.4456E-05  2.5089E-05  2.4959E-01  4.2827E-14  3.1185E-09  7.2133E-14
   2.9040E-10  9.6998E-01  7.5035E-01  3.4538E-05  2.5069E-05  2.4959E-01  4.2683E-14  3.1163E-09  7.2037E-14
   2.9648E-10  9.6871E-01  7.5034E-01  3.4065E-05  2.5194E-05  2.4960E-01  4.3786E-14  3.1286E-09  7.2562E-14
